1280 720 23.97
1 2 155 242 32 26
1 0 555 365 20 83
1 0 444 313 26 74
1 0 726 490 55 142
1 0 629 496 66 148
2 2 155 242 32 26
2 0 556 365 22 83
2 0 443 313 25 74
2 0 728 490 55 142
2 0 629 496 66 149
3 2 155 242 32 26
3 0 555 367 22 82
3 0 443 314 25 72
3 0 730 490 56 142
3 0 630 496 64 150
4 2 155 242 32 26
4 0 555 367 22 82
4 0 443 314 25 73
4 0 630 496 63 150
4 0 731 490 58 142
5 0 555 367 22 81
5 0 442 314 25 74
5 0 631 496 66 148
5 0 732 490 56 144
6 2 155 242 32 26
6 0 556 365 24 81
6 0 442 314 25 74
6 0 733 491 54 146
6 0 632 497 64 149
7 2 155 242 32 26
7 0 557 365 26 81
7 0 442 314 25 74
7 0 732 492 53 148
7 0 633 497 61 150
8 2 155 242 32 26
8 0 559 365 26 83
8 0 442 314 26 76
8 0 734 496 51 148
8 0 637 500 61 151
9 2 156 242 33 26
9 0 559 366 26 82
9 0 442 314 26 75
9 0 734 497 51 150
9 0 637 500 61 152
10 2 156 242 33 26
10 0 561 368 30 83
10 0 442 314 28 75
10 0 640 503 61 154
10 0 736 500 52 148
11 2 155 242 34 26
11 0 562 368 29 84
11 0 442 315 29 76
11 0 640 504 60 152
11 0 737 502 52 149
12 2 156 242 33 26
12 0 563 370 32 84
12 0 442 316 31 76
12 0 739 503 50 147
12 0 643 506 58 153
13 2 156 242 33 26
13 0 565 371 33 83
13 0 442 316 32 75
13 0 740 503 52 146
13 0 645 507 58 152
14 2 156 242 33 25
14 0 565 371 34 83
14 0 443 316 30 75
14 0 646 507 58 152
14 0 741 503 52 146
15 0 568 371 36 82
15 0 443 317 29 74
15 0 651 507 61 152
15 0 742 502 52 146
16 0 569 371 36 82
16 0 443 317 29 74
16 0 652 507 64 152
16 0 744 503 52 146
17 0 568 371 33 82
17 0 445 317 29 74
17 0 745 503 54 146
17 0 654 508 67 152
18 0 568 371 32 82
18 0 445 317 28 73
18 0 747 504 55 148
18 0 657 508 69 152
19 0 570 371 29 81
19 0 446 317 28 74
19 0 749 505 58 150
19 0 659 509 70 154
20 0 572 371 27 83
20 0 446 317 28 75
20 0 751 509 58 152
20 0 661 514 70 160
21 0 572 371 28 82
21 0 446 317 28 74
21 0 751 509 58 152
21 0 662 513 69 161
22 0 572 373 28 84
22 0 448 317 27 76
22 0 664 516 72 159
22 0 754 513 60 151
23 0 573 374 29 83
23 0 448 317 28 76
23 0 665 518 70 160
23 0 755 514 62 152
24 0 576 374 32 83
24 0 450 317 28 77
24 0 760 514 60 154
24 0 668 520 71 158
25 0 576 374 32 84
25 0 450 318 28 76
25 0 668 520 71 159
25 0 762 515 60 150
26 0 577 374 30 85
26 0 450 319 29 77
26 0 669 520 70 159
26 0 764 516 61 151
27 0 578 374 29 85
27 0 450 319 29 75
27 0 670 521 68 160
27 0 767 515 62 150
28 0 578 374 28 85
28 0 450 318 29 76
28 0 670 521 68 160
28 0 768 515 60 150
29 0 578 375 28 84
29 0 451 319 30 75
29 0 671 521 65 158
29 0 768 516 59 151
30 0 579 375 30 86
30 0 451 321 30 73
30 0 671 521 62 158
30 0 769 518 58 152
31 0 580 375 30 86
31 0 451 321 30 73
31 0 673 522 62 158
31 0 769 519 57 153
32 0 582 376 28 88
32 0 452 321 28 73
32 0 676 526 64 164
32 0 772 524 56 160
33 0 582 376 29 88
33 0 452 321 28 74
33 0 676 526 64 164
33 0 772 524 56 160
34 2 154 241 33 28
34 0 587 378 29 88
34 0 454 321 28 74
34 0 682 529 68 165
34 0 774 529 55 161
35 0 588 378 28 89
35 0 456 320 26 76
35 0 683 530 66 164
35 0 776 530 55 160
36 0 588 379 28 88
36 0 458 320 26 76
36 0 684 532 64 164
36 0 778 530 54 160
37 0 591 380 30 88
37 0 458 320 27 76
37 0 686 532 64 164
37 0 779 531 54 161
38 0 592 380 32 88
38 0 460 321 28 77
38 0 688 532 64 163
38 0 780 531 54 162
39 0 591 380 32 88
39 0 463 322 32 77
39 0 692 532 68 164
39 0 783 531 58 159
40 0 591 380 32 88
40 0 465 322 32 76
40 0 784 531 56 158
40 0 693 532 69 164
41 0 592 381 31 89
41 0 465 322 33 78
41 0 696 533 70 162
41 0 785 532 60 159
42 0 590 381 29 89
42 0 467 324 31 75
42 0 786 532 60 160
42 0 698 533 72 163
43 0 591 381 30 88
43 0 467 323 29 78
43 0 788 535 61 163
43 0 700 535 70 165
44 0 594 383 30 90
44 0 467 323 28 78
44 0 791 538 66 164
44 0 703 540 74 170
45 2 154 242 32 27
45 0 594 384 30 88
45 0 467 323 28 78
45 0 791 538 66 163
45 0 703 540 74 170
46 2 154 242 32 28
46 0 597 383 34 90
46 0 468 323 27 78
46 0 796 541 69 164
46 0 706 544 75 170
47 2 154 242 32 28
47 0 598 384 37 90
47 0 468 323 28 78
47 0 798 543 69 166
47 0 706 545 76 170
48 2 154 242 32 27
48 0 600 384 32 91
48 0 470 322 27 81
48 0 803 545 67 166
48 0 708 548 77 172
49 2 154 242 32 27
49 0 600 385 32 91
49 0 471 322 26 82
49 0 708 549 77 174
49 0 806 545 68 164
50 2 154 242 32 27
50 0 601 385 30 90
50 0 472 322 26 81
50 0 809 546 66 164
50 0 709 549 78 173
51 2 154 242 32 27
51 0 472 322 25 80
51 0 603 386 30 90
51 0 813 545 66 166
51 0 710 550 76 172
52 2 154 242 32 27
52 0 605 386 30 90
52 0 473 322 27 81
52 0 815 545 66 165
52 0 710 550 76 172
53 2 154 242 32 27
53 0 606 386 28 90
53 0 474 324 28 81
53 0 817 545 65 165
53 0 710 549 76 171
54 2 154 242 32 26
54 0 610 387 27 90
54 0 477 325 30 78
54 0 819 549 62 166
54 0 712 551 76 172
55 2 154 242 31 26
55 0 477 325 30 79
55 0 609 388 26 92
55 0 820 552 62 173
55 0 713 554 75 176
56 2 154 242 32 27
56 0 611 390 26 93
56 0 478 325 28 79
56 0 823 554 60 169
56 0 714 557 75 178
57 2 154 242 32 26
57 0 610 389 27 92
57 0 478 327 28 77
57 0 822 553 61 170
57 0 714 557 75 177
58 2 154 242 30 26
58 0 482 326 27 78
58 0 613 390 30 92
58 0 828 559 60 172
58 0 720 562 76 178
59 2 154 242 31 27
59 0 482 325 29 79
59 0 613 392 29 92
59 0 830 561 60 173
59 0 722 564 76 180
60 2 154 242 31 27
60 0 483 326 27 78
60 0 618 393 32 93
60 0 833 562 58 172
60 0 724 565 76 178
61 2 154 242 31 27
61 0 484 324 28 81
61 0 616 393 28 92
61 0 726 565 76 178
61 0 835 563 58 170
62 2 154 242 31 27
62 0 485 324 29 81
62 0 616 393 28 93
62 0 729 566 78 178
62 0 838 563 59 170
63 2 154 242 31 27
63 0 619 393 30 93
63 0 487 324 28 81
63 0 845 563 62 170
63 0 734 567 78 177
64 2 154 242 31 27
64 0 488 325 28 81
64 0 619 393 30 94
64 0 846 563 64 170
64 0 737 567 81 177
65 2 154 242 31 27
65 0 489 326 30 80
65 0 620 393 32 94
65 0 848 562 65 166
65 0 739 567 82 176
66 2 154 242 31 27
66 0 492 327 33 81
66 0 622 394 32 96
66 0 853 568 70 176
66 0 742 569 85 178
67 2 154 241 31 26
67 0 494 327 34 81
67 0 623 396 33 97
67 0 857 571 73 178
67 0 744 573 85 182
68 2 154 241 31 28
68 0 495 327 34 81
68 0 626 397 36 94
68 0 859 571 73 174
68 0 746 576 84 188
69 2 154 242 31 27
69 0 495 327 34 81
69 0 626 397 36 95
69 0 859 571 73 175
69 0 746 577 84 187
70 2 153 241 32 26
70 0 496 330 32 78
70 0 629 398 34 97
70 0 867 578 78 180
70 0 751 583 82 191
71 2 153 241 32 26
71 0 497 328 31 80
71 0 630 399 32 96
71 0 870 579 80 178
71 0 752 586 83 192
72 2 153 241 32 26
72 0 497 329 30 80
72 0 630 400 31 95
72 0 873 579 77 178
72 0 754 587 82 190
73 2 153 241 32 26
73 0 498 329 29 80
73 0 632 400 32 96
73 0 877 580 77 178
73 0 755 587 82 189
74 2 153 241 32 26
74 0 499 328 30 80
74 0 634 400 32 95
74 0 881 580 75 176
74 0 756 589 80 189
75 2 153 241 32 26
75 0 637 400 30 95
75 0 500 329 28 81
75 0 885 580 74 178
75 0 759 588 78 188
76 2 153 241 32 26
76 0 637 400 30 96
76 0 500 328 29 82
76 0 887 580 74 178
76 0 760 588 80 188
77 2 153 241 32 26
77 0 639 401 30 96
77 0 502 329 29 83
77 0 762 589 78 186
77 0 889 581 74 178
78 2 153 241 32 26
78 0 503 329 29 82
78 0 642 403 31 98
78 0 892 587 68 186
78 0 766 591 76 188
79 2 152 241 31 26
79 0 642 404 33 94
79 0 504 330 30 84
79 0 892 589 68 186
79 0 769 594 78 192
80 2 152 241 31 26
80 0 644 405 31 98
80 0 505 330 30 84
80 0 894 593 67 188
80 0 773 596 82 192
81 2 152 242 31 25
81 0 644 404 33 99
81 0 505 330 31 84
81 0 894 592 67 188
81 0 773 596 82 192
82 2 152 242 31 25
82 0 650 406 36 98
82 0 507 331 30 84
82 0 780 603 76 193
82 0 902 598 65 188
83 2 153 242 30 24
83 0 652 407 39 97
83 0 509 331 30 84
83 0 783 604 74 192
83 0 904 600 64 188
84 2 153 242 30 24
84 0 653 408 38 96
84 0 510 332 29 83
84 0 908 600 64 188
84 0 785 605 72 193
85 2 153 242 30 24
85 0 653 408 37 96
85 0 510 332 28 82
85 0 911 600 65 188
85 0 788 604 72 192
86 2 153 242 30 24
86 0 510 333 27 81
86 0 653 407 34 98
86 0 791 605 74 192
86 0 914 601 67 186
87 2 152 242 29 24
87 0 513 333 26 82
87 0 655 407 34 98
87 0 921 600 70 185
87 0 799 605 82 190
88 2 153 242 30 24
88 0 513 332 25 83
88 0 654 409 33 97
88 0 802 606 82 192
88 0 923 602 74 185
89 2 153 242 30 24
89 0 514 332 28 83
89 0 656 409 33 99
89 0 925 602 74 185
89 0 804 608 85 192
90 2 152 242 29 24
90 0 515 332 26 83
90 0 660 410 36 100
90 0 931 608 79 191
90 0 810 613 88 198
91 2 152 242 29 24
91 0 517 332 24 84
91 0 934 609 80 191
91 0 662 412 40 101
91 0 812 610 89 188
92 2 153 242 30 24
92 0 517 331 24 86
92 0 662 413 40 101
92 0 940 612 76 192
92 0 815 617 88 198
93 2 152 242 31 24
93 0 518 330 24 87
93 0 662 413 40 101
93 0 941 611 74 190
93 0 815 618 88 200
94 0 518 330 21 87
94 2 152 242 31 24
94 0 664 416 32 97
94 0 948 618 80 194
94 0 822 621 89 194
95 2 152 242 31 24
95 0 518 333 19 82
95 0 666 415 33 98
95 0 952 619 83 194
95 0 825 622 90 192
96 2 152 242 31 24
96 0 519 333 18 82
96 0 667 415 32 98
96 0 954 620 84 194
96 0 827 622 91 191
97 2 152 242 31 24
97 0 519 333 18 82
97 0 669 414 35 97
97 0 958 620 83 194
97 0 829 623 90 190
98 2 152 242 31 24
98 0 519 333 18 82
98 0 671 414 36 99
98 0 962 621 83 194
98 0 831 623 89 190
99 0 520 333 16 81
99 2 152 242 31 24
99 0 673 416 37 101
99 0 969 622 82 192
99 0 834 623 87 189
100 0 521 333 14 82
100 2 153 242 30 24
100 0 674 417 36 102
100 0 971 622 82 192
100 0 836 624 88 188
101 2 153 242 30 24
101 0 673 418 34 104
101 0 973 622 82 192
101 0 838 625 84 188
102 2 152 242 31 24
102 0 677 419 33 104
102 0 977 623 78 191
102 0 844 626 82 185
103 2 153 242 30 24
103 0 680 419 38 105
103 0 981 625 78 189
103 0 848 627 80 184
104 2 152 242 31 24
104 0 682 420 44 105
104 0 982 625 76 187
104 0 852 628 77 182
105 2 152 242 31 24
105 0 681 421 40 106
105 0 982 625 75 187
105 0 851 628 78 182
106 2 152 242 31 24
106 0 682 422 37 105
106 0 991 629 71 180
106 0 859 632 76 176
107 2 152 242 31 24
107 0 683 422 38 104
107 0 862 632 76 175
107 0 992 630 72 178
108 2 152 242 30 24
108 0 684 422 37 106
108 0 866 633 78 174
108 0 996 631 72 176
109 2 152 242 30 24
109 0 685 422 38 104
109 0 1001 632 73 176
109 0 871 633 79 174
110 0 554 341 20 84
110 2 152 242 30 24
110 0 686 423 38 105
110 0 1006 632 74 175
110 0 876 633 82 174
111 0 556 339 22 88
111 2 152 242 31 24
111 0 687 423 37 106
111 0 1013 632 75 174
111 0 884 634 91 172
112 0 556 341 24 86
112 2 152 242 30 24
112 0 688 424 37 108
112 0 1017 633 74 174
112 0 889 634 94 171
113 0 557 341 23 86
113 2 152 242 30 24
113 0 690 425 40 108
113 0 1021 633 78 174
113 0 893 635 98 170
114 2 152 242 29 23
114 0 556 341 24 84
114 0 1033 634 74 172
114 0 692 427 40 110
114 0 902 636 101 166
115 2 152 242 29 23
115 0 558 340 26 85
115 0 692 427 37 110
115 0 1036 635 74 168
115 0 907 637 102 164
116 2 152 242 29 23
116 0 559 340 26 85
116 0 694 427 36 112
116 0 1041 637 77 165
116 0 911 638 101 161
117 2 152 242 29 23
117 0 559 340 26 87
117 0 694 427 36 112
117 0 1041 637 77 166
117 0 911 638 101 160
118 2 152 242 29 23
118 0 562 340 27 85
118 0 697 427 34 114
118 0 1047 639 92 159
118 0 922 642 103 153
119 2 152 242 29 23
119 0 564 340 28 84
119 0 698 428 35 113
119 0 1051 641 94 157
119 0 924 643 104 152
120 2 152 242 29 23
120 0 565 338 27 90
120 0 701 429 36 110
120 0 1055 641 94 157
120 0 926 644 104 152
121 2 152 242 30 23
121 0 565 339 27 90
121 0 703 429 38 109
121 0 1060 641 92 156
121 0 928 644 103 150
122 2 152 242 28 23
122 0 566 340 28 89
122 0 705 429 38 111
122 0 1067 641 89 155
122 0 931 644 101 150
123 2 151 242 29 23
123 0 568 340 28 89
123 0 706 433 36 110
123 0 1077 641 82 154
123 0 934 645 92 150
124 2 151 242 29 23
124 0 571 341 32 86
124 0 709 435 40 111
124 0 1081 641 84 154
124 0 936 645 90 147
125 2 151 242 29 23
125 0 574 343 36 85
125 0 711 436 41 112
125 0 1085 642 82 152
125 0 939 646 86 146
126 2 152 242 30 23
126 0 578 343 36 85
126 0 1090 643 78 150
126 0 714 437 44 110
126 0 946 649 81 142
127 2 152 241 30 22
127 0 580 343 32 85
127 0 1090 644 80 150
127 0 716 438 45 110
127 0 949 650 78 140
128 2 151 241 29 22
128 0 580 343 32 86
128 0 1093 647 80 146
128 0 718 439 47 110
128 0 953 651 78 136
129 2 151 241 29 22
129 0 580 343 32 86
129 0 1093 647 78 146
129 0 717 439 46 111
129 0 953 651 78 136
130 0 585 342 30 89
130 0 719 439 42 111
130 0 1105 650 78 137
130 0 967 654 78 130
131 0 719 439 40 110
131 0 587 342 30 88
131 0 1108 650 82 136
131 0 972 654 80 129
132 0 720 439 40 111
132 0 587 341 30 90
132 0 1113 651 84 136
132 0 976 655 80 128
133 0 721 439 38 110
133 0 1118 652 86 134
133 0 589 342 30 88
133 0 982 656 87 128
134 0 590 343 28 88
134 0 1123 653 90 134
134 0 722 440 36 110
134 0 987 656 96 128
135 0 593 344 30 88
135 0 725 443 38 110
135 0 1131 654 92 130
135 0 1000 657 112 126
136 0 595 344 34 88
136 0 1137 654 94 130
136 0 730 444 44 112
136 0 1006 658 118 124
137 0 597 345 38 86
137 0 1141 654 94 129
137 0 730 445 44 113
137 0 1011 658 123 124
138 0 1154 657 88 126
138 0 601 346 38 88
138 0 731 446 42 116
138 0 1020 660 128 118
139 0 1159 658 88 124
139 0 732 446 40 115
139 0 601 347 36 88
139 0 1025 661 130 115
140 0 1162 660 88 119
140 0 733 445 42 118
140 0 1031 663 128 110
140 0 602 346 35 89
141 0 1163 659 88 120
141 0 733 445 40 117
141 0 1031 663 128 110
141 0 602 346 36 89
142 0 1175 663 84 114
142 0 742 445 40 116
142 0 607 346 33 89
142 0 1042 667 122 106
143 0 1184 664 86 112
143 0 1043 667 114 104
143 0 746 445 45 117
143 0 608 346 32 90
144 0 1190 664 86 112
144 0 610 346 32 90
144 0 1042 667 105 103
144 0 747 446 46 116
145 0 1193 664 90 110
145 0 612 345 29 89
145 0 1044 668 102 102
145 0 750 448 48 119
146 0 1198 664 88 109
146 0 752 448 48 117
146 0 614 346 28 90
146 0 1045 669 96 102
147 0 1204 665 80 108
147 0 618 346 33 90
147 0 756 451 48 118
147 0 1050 670 88 100
148 0 1211 665 90 108
148 0 623 346 40 92
148 0 759 453 50 122
148 0 1053 670 82 99
149 0 1215 666 88 106
149 0 761 455 51 123
149 0 1057 671 81 95
149 0 625 347 40 90
150 0 1218 668 92 101
150 0 1065 673 80 91
150 0 764 456 48 122
150 0 628 348 44 90
151 0 1222 670 88 98
151 0 628 348 44 89
151 0 1069 675 80 88
151 0 765 455 50 121
152 0 1222 671 98 95
152 0 630 348 47 89
152 0 1075 677 82 86
152 0 766 456 48 120
153 0 1222 671 98 95
153 0 630 349 47 90
153 0 1075 677 82 86
153 0 766 456 48 120
154 0 767 456 42 120
154 0 1240 676 80 88
154 0 1091 678 86 80
154 0 632 350 44 91
155 0 1241 677 78 86
155 0 768 456 39 120
155 0 1097 678 86 80
155 0 633 350 42 92
156 0 1239 677 82 83
156 0 1102 679 88 78
156 0 770 458 40 121
156 0 634 351 40 90
157 0 1242 679 75 81
157 0 1106 680 88 78
157 0 773 459 45 124
157 0 636 351 36 90
158 0 1243 679 74 80
158 0 638 351 33 90
158 0 1109 680 88 78
158 0 777 461 50 124
159 0 1254 680 50 79
159 0 1118 681 88 78
159 0 641 350 30 92
159 0 782 464 52 125
160 2 150 240 28 24
160 0 1258 680 44 80
160 0 643 351 30 91
160 0 1123 682 90 74
160 0 781 464 50 126
161 2 149 240 27 24
161 0 1128 683 88 72
161 0 646 351 34 93
161 0 782 464 48 125
162 2 149 240 27 24
162 0 1137 685 90 66
162 0 648 351 36 93
162 0 784 464 44 124
163 0 1141 687 86 63
163 0 650 351 38 93
163 0 787 464 42 124
164 0 1146 689 86 62
164 0 651 352 38 92
164 0 791 465 42 122
165 2 149 240 27 24
165 0 1146 689 86 62
165 0 651 352 37 92
165 0 792 465 43 122
166 0 1160 693 76 54
166 0 802 467 50 125
166 0 656 353 40 93
167 0 1164 693 74 52
167 0 805 468 54 128
167 0 657 353 36 94
168 0 1171 695 68 51
168 0 807 468 50 128
168 0 657 353 34 94
169 0 808 469 48 126
169 0 1177 695 66 50
169 0 658 353 34 93
170 0 813 473 54 130
170 0 1182 696 66 48
170 0 659 354 34 92
171 0 1191 697 54 46
171 0 816 475 56 131
171 0 662 353 31 95
172 0 1197 698 52 44
172 0 662 353 28 95
172 0 818 476 56 130
173 0 1203 699 50 41
173 0 663 352 30 96
173 0 820 475 56 129
174 0 1217 702 48 36
174 0 823 475 55 129
174 0 667 353 31 94
175 0 1223 704 50 32
175 0 668 353 32 94
175 0 825 475 54 130
176 0 1229 705 48 29
176 0 671 353 36 95
176 0 826 477 54 131
177 0 1229 705 50 30
177 0 671 354 36 94
177 0 826 476 52 132
178 0 673 356 34 91
178 0 828 478 48 133
179 0 676 356 38 91
179 0 832 481 48 134
180 0 678 356 40 94
180 0 836 483 53 134
181 0 680 356 40 95
181 0 838 484 55 134
182 0 681 356 42 95
182 0 841 485 54 134
183 0 683 357 40 94
183 0 841 486 50 133
184 0 684 357 40 94
184 0 842 486 48 134
185 0 845 487 50 135
185 0 685 357 42 94
186 0 684 358 40 92
186 0 854 486 52 132
187 0 684 358 40 94
187 0 858 487 53 133
188 0 859 487 54 134
188 0 684 357 42 94
189 0 859 487 54 134
189 0 684 358 42 95
190 0 688 358 48 96
190 0 869 492 58 140
191 0 689 358 50 96
191 0 872 494 59 141
192 0 691 359 51 98
192 0 872 497 60 142
193 0 692 359 51 99
193 0 873 498 57 142
194 0 875 499 58 142
194 0 692 359 52 99
195 0 692 360 48 100
195 0 880 500 56 140
196 0 693 359 46 99
196 0 882 500 55 140
197 0 693 359 46 99
197 0 883 500 54 141
198 0 694 360 39 100
198 0 887 500 51 141
199 0 695 360 32 100
199 0 887 501 50 140
200 0 696 360 30 100
200 0 888 502 48 140
201 0 696 359 29 99
201 0 888 502 48 140
202 0 698 360 25 98
202 0 899 508 58 146
203 0 699 359 27 99
203 0 902 509 60 145
204 0 701 361 26 99
204 0 902 511 59 146
205 0 701 361 26 99
205 0 903 512 58 146
206 0 701 361 26 97
206 0 904 513 60 146
207 0 704 359 28 103
207 0 914 513 64 146
208 0 706 355 30 110
208 0 918 513 64 146
209 0 706 356 32 107
209 0 922 513 63 145
210 0 708 353 32 114
210 0 928 514 63 146
211 0 708 352 33 116
211 0 932 517 65 148
212 0 708 353 37 114
212 0 933 520 63 152
213 0 706 356 40 108
213 0 933 519 63 152
214 0 706 357 40 106
214 0 941 526 62 154
215 0 706 357 41 106
215 0 942 527 63 154
216 0 706 356 44 108
216 0 944 528 60 154
217 0 706 357 43 106
217 0 946 528 60 152
218 0 706 359 44 104
218 0 949 529 58 152
219 0 710 360 40 100
219 0 954 529 52 151
220 0 712 360 40 100
220 0 956 529 52 150
221 0 714 362 36 96
221 0 958 529 52 150
222 0 717 361 34 90
222 0 964 532 52 152
223 0 718 361 32 90
223 0 967 535 54 154
224 0 718 360 34 92
224 0 973 538 62 157
225 0 718 360 34 92
225 0 972 537 61 158
226 0 718 360 34 90
226 0 976 543 64 158
227 0 718 359 32 91
227 0 977 544 66 157
228 0 718 359 32 91
228 0 980 545 64 155
229 0 719 359 31 93
229 0 985 545 64 153
230 0 721 361 30 90
230 0 989 545 64 153
231 0 722 362 29 88
231 0 999 547 58 151
232 0 722 362 28 88
232 0 1002 548 57 152
233 0 722 361 30 88
233 0 1006 550 60 156
234 0 724 362 28 85
234 0 1013 554 61 168
235 0 724 361 28 86
235 0 1016 558 60 168
236 0 1019 560 62 168
237 0 1019 560 62 168
238 0 1027 563 66 166
239 0 1031 563 62 164
240 0 1034 564 56 164
241 0 1032 564 53 163
242 0 1035 565 50 162
243 0 1042 565 51 162
244 0 1045 569 54 166
245 0 1052 571 60 169
246 0 1062 577 76 174
247 0 1064 579 78 174
248 0 1065 581 76 172
249 0 1065 581 76 172
250 0 1069 583 68 170
251 0 1072 583 66 170
252 0 1076 583 60 171
253 0 1083 585 56 168
254 0 1092 585 62 166
255 0 1097 590 56 172
256 0 1101 590 60 167
257 0 1103 592 54 168
258 0 1116 602 70 184
259 0 1126 605 84 183
260 0 1128 605 88 182
261 0 1128 605 86 182
262 0 1139 608 72 179
263 0 1139 606 64 178
264 0 1141 608 58 172
265 0 1142 608 58 172
266 0 1146 609 58 177
267 0 1160 617 78 182
268 0 1168 622 90 185
269 0 1171 623 98 182
270 0 1173 628 102 182
271 0 1174 628 98 180
272 0 1176 628 94 179
273 0 1176 628 94 180
274 0 1190 631 76 176
275 0 1201 630 74 176
276 0 1207 630 66 176
277 0 1215 630 64 176
278 0 1220 631 60 174
279 0 1227 635 66 170
280 0 1231 635 72 168
281 0 1233 635 70 169
282 0 1239 638 80 162
283 0 1241 638 76 160
284 0 1246 640 68 158
285 0 1246 639 68 159
287 0 1259 642 42 154
529 2 246 248 43 23
530 2 246 248 42 23
531 2 246 248 42 23
532 2 246 248 42 23
533 2 246 248 42 23
534 2 246 248 42 23
535 2 246 248 42 23
536 2 246 248 42 23
537 2 246 248 42 23
