1280 720 23.97
1 0 282 265 14 38
2 0 282 265 15 38
3 0 282 264 15 39
4 0 282 264 15 39
5 0 282 264 15 39
6 0 282 263 15 39
7 0 282 263 15 39
8 0 282 263 15 39
9 0 282 263 15 39
10 0 282 263 14 39
11 0 282 263 14 39
12 0 282 263 14 39
13 0 281 263 15 38
14 0 281 263 15 38
15 0 282 263 14 39
16 0 282 263 14 39
17 0 281 263 15 39
18 0 282 263 14 39
19 0 282 263 14 39
20 0 282 262 14 38
21 0 282 262 14 38
22 0 282 263 14 39
23 0 282 262 14 38
24 0 282 262 14 38
25 0 282 262 14 38
26 0 282 262 14 40
27 0 282 263 15 39
28 0 282 263 15 39
29 0 283 262 14 38
30 0 283 261 14 37
31 0 282 262 13 36
32 0 282 262 13 36
33 0 282 262 13 36
34 0 282 262 13 36
35 0 283 261 14 37
36 0 283 261 14 37
37 0 283 261 14 38
38 0 283 261 14 37
39 0 283 261 14 38
40 0 283 261 14 38
41 0 283 261 14 37
42 0 283 261 14 36
43 0 283 261 14 37
44 0 283 261 14 37
45 0 283 261 14 37
46 0 284 260 13 37
47 0 284 260 13 37
48 0 284 259 13 38
49 0 284 259 13 38
50 0 284 260 13 36
51 0 284 259 13 36
52 0 284 259 13 36
53 0 284 259 13 36
54 0 284 258 13 36
55 0 284 259 13 36
56 0 284 259 13 36
57 0 284 258 12 37
58 0 284 258 12 36
59 0 285 258 13 37
60 0 284 258 12 37
61 0 285 258 13 37
62 0 285 258 13 37
63 0 285 258 13 37
64 0 285 258 13 37
65 0 285 258 12 37
66 0 285 258 12 36
67 0 285 258 13 36
68 0 286 258 12 36
69 0 286 258 12 36
70 0 287 258 12 38
71 0 288 258 13 38
72 0 288 258 12 37
73 0 288 258 12 36
74 0 288 258 12 36
75 0 288 257 12 36
76 0 288 257 12 36
77 0 289 256 13 36
78 0 289 256 14 36
79 0 289 256 14 36
80 0 290 256 13 36
81 0 290 256 13 36
82 0 290 256 13 36
84 0 290 256 13 36
86 0 291 258 14 35
87 0 291 256 14 37
88 0 291 256 14 37
89 0 291 255 13 37
101 0 299 255 13 35
