1280 720 23.97
387 0 1107 234 24 49
388 0 1109 234 22 49
389 0 1109 234 22 49
390 0 1110 234 20 49
391 0 1110 234 20 49
392 0 1110 233 20 50
393 0 1113 233 20 50
394 0 1114 233 20 50
395 0 1115 233 20 50
477 0 1228 230 26 52
478 0 1229 231 26 53
479 0 1230 231 26 53
480 0 1231 230 24 52
481 0 1231 230 24 52
493 0 1246 229 22 53
494 0 1246 230 22 52
495 0 1246 230 22 52
500 0 1253 229 22 49
655 0 94 431 29 60
656 0 94 429 29 62
657 0 95 428 28 64
661 0 106 424 24 62
662 0 108 423 25 64
663 0 108 423 25 63
669 0 121 417 25 56
670 0 123 417 24 58
671 0 124 416 24 62
672 0 126 416 24 63
673 0 128 416 23 63
674 0 128 412 23 60
675 0 128 412 24 60
684 0 141 399 24 54
685 0 141 398 25 56
686 0 142 397 24 58
687 0 142 397 24 59
688 0 144 396 26 64
696 0 151 387 25 71
697 0 153 390 22 62
701 0 159 387 35 67
702 0 159 387 37 66
741 0 215 368 19 64
743 0 218 365 17 61
746 0 221 365 20 56
747 0 221 365 20 56
749 0 224 362 20 57
750 0 225 362 20 58
751 0 225 360 21 56
758 0 230 353 24 58
759 0 230 351 22 54
760 0 234 351 19 53
761 0 234 349 18 48
764 0 236 350 19 51
765 0 238 348 17 56
766 0 238 347 18 58
767 0 239 345 17 58
944 0 46 690 81 60
1085 0 44 689 79 59
1086 0 44 689 81 59
1087 0 46 689 81 59
1088 0 46 689 81 59
1089 0 46 689 81 59
1090 0 45 690 80 60
1091 0 44 690 80 60
1092 0 43 690 79 60
1096 0 44 690 78 60
1099 0 44 690 79 60
1113 0 612 247 22 42
1114 0 614 247 24 42
1115 0 613 247 23 43
1116 0 613 246 23 44
1117 0 615 247 21 44
1118 0 615 247 20 44
1119 0 615 247 20 44
1120 0 42 690 75 58
1120 0 618 248 20 44
1121 0 42 690 75 58
1121 0 620 248 20 44
1122 0 620 248 20 44
1123 0 621 248 20 43
1124 0 622 248 19 43
1125 0 622 248 19 43
1126 0 623 248 18 44
1127 0 624 248 20 45
1128 0 626 247 20 44
1129 0 626 248 20 45
1130 0 42 690 75 60
1130 0 628 248 20 45
1131 0 42 690 75 60
1131 0 628 248 20 45
1132 0 43 690 76 58
1132 0 629 247 24 46
1133 0 44 690 78 60
1133 0 630 248 24 45
1152 0 654 247 16 45
1153 0 654 247 16 45
1154 0 654 246 15 44
1155 0 654 246 15 44
1157 0 657 245 14 43
1180 0 679 241 18 48
1181 0 679 242 18 47
1182 0 679 242 18 45
1183 0 681 240 17 45
1184 0 681 241 18 44
1185 0 681 242 18 45
1186 0 682 242 16 45
1187 0 682 242 17 44
1188 0 684 242 16 44
1189 0 685 241 18 44
1190 0 686 241 17 44
1191 0 687 242 16 41
1193 0 688 243 17 39
1195 0 689 243 17 40
1258 0 1271 255 18 65
1259 0 1270 256 20 67
1260 0 1267 258 27 68
1261 0 1265 258 30 70
1262 0 1263 261 34 71
1263 0 748 240 16 39
1263 0 1261 260 26 72
1264 0 748 239 16 38
1264 0 1259 260 22 70
1265 0 1256 260 22 71
1265 0 749 239 14 37
1266 0 749 239 14 37
1267 0 750 237 16 37
1267 0 1248 259 22 74
1268 0 1246 259 24 72
1269 0 1245 260 26 72
1270 0 753 237 16 35
1270 0 1245 260 26 71
1271 0 754 239 16 37
1271 0 1244 260 28 70
1272 0 755 239 18 38
1272 0 1243 260 34 71
1273 0 755 239 18 38
1273 0 1240 260 38 69
1274 0 757 239 18 38
1274 0 1238 260 38 70
1275 0 759 239 18 38
1276 0 1223 248 20 47
1276 0 760 239 16 36
1277 0 1221 248 20 47
1278 0 1220 248 20 49
1278 0 761 240 16 36
1279 0 762 240 16 36
1281 0 763 239 15 38
1282 0 764 239 16 38
1283 0 764 239 16 39
1293 0 775 237 14 34
1295 0 775 238 14 36
1296 0 777 238 14 36
1307 0 1147 248 18 53
1308 0 1144 248 18 53
1309 0 1141 248 20 53
1310 0 1140 248 22 52
1311 0 1137 248 24 52
1312 0 1137 249 28 50
1313 0 1134 249 26 52
1314 0 1131 249 26 54
1315 0 1127 249 22 54
1316 0 1125 249 22 54
1317 0 1124 249 20 54
1320 0 1116 248 18 56
1321 0 1114 248 18 56
1322 0 1111 250 20 62
1323 0 1107 252 26 63
1324 0 1105 251 28 62
1325 0 1102 252 32 61
1326 0 1101 252 34 60
1327 0 1100 253 36 58
1328 0 1099 254 36 60
1329 0 1097 254 36 60
1330 0 1096 253 34 60
1331 0 1095 253 32 60
1332 0 1092 253 28 63
1333 0 1090 252 26 64
1334 0 1086 252 22 63
1335 0 1082 252 22 63
1336 0 1081 252 22 64
1337 0 1080 253 22 63
1338 0 1079 252 24 62
1339 0 1074 252 30 63
1340 0 1073 253 34 61
1341 0 1071 253 34 63
1342 0 1070 252 34 62
1343 0 1069 252 34 65
1344 0 1066 252 30 62
1345 0 1064 252 28 61
1346 0 1061 252 24 61
1347 0 1058 252 24 61
1348 0 1054 252 22 61
1349 0 1052 250 18 60
1350 0 1050 251 20 62
1351 0 1047 251 26 62
1352 0 1044 250 34 63
1353 0 1043 250 36 63
1354 0 1041 252 40 60
1355 0 1039 251 39 60
1356 0 1038 252 40 63
1357 0 1037 253 38 61
1358 0 1037 253 37 59
1359 0 1033 252 30 61
1362 0 1026 252 22 60
1366 0 1014 252 30 59
1367 0 1012 251 32 60
1368 0 1011 251 34 60
1369 0 1010 251 32 62
1370 0 1009 250 32 61
1371 0 1004 250 27 58
1372 0 1003 250 30 59
1377 0 988 239 20 39
1379 0 984 239 24 39
1382 0 855 234 14 36
1420 0 892 247 22 54
1421 0 889 247 23 54
1424 0 883 247 24 58
1425 0 882 247 24 60
1426 0 882 248 24 58
1427 0 881 248 22 57
1428 0 878 247 24 59
1429 0 876 247 24 59
1432 0 869 248 20 55
1433 0 867 247 26 58
1434 0 865 247 30 59
1435 0 863 247 38 59
1436 0 862 247 36 58
1437 0 861 247 38 58
1438 0 859 247 35 59
1439 0 858 248 35 59
1440 0 856 247 32 59
1441 0 854 247 28 57
1443 0 844 247 20 57
1444 0 842 247 18 57
1445 0 841 247 18 57
1446 0 841 247 19 57
1447 0 838 247 25 57
1448 0 836 247 29 57
1449 0 834 247 32 59
1450 0 833 247 33 58
1451 0 832 247 32 58
1452 0 828 248 32 57
1453 0 827 248 30 56
1455 0 819 247 17 55
1463 0 805 248 36 52
1464 0 802 248 36 55
1465 0 802 247 37 56
1466 0 800 247 34 57
1467 0 798 246 32 56
1468 0 795 245 26 55
1469 0 792 245 20 55
1470 0 790 245 20 56
1471 0 785 245 18 57
1473 0 784 245 16 55
1474 0 782 245 20 55
1475 0 780 246 28 54
1476 0 780 247 28 53
1477 0 779 247 28 53
1478 0 778 246 28 52
1479 0 774 246 28 52
1480 0 771 245 22 52
1486 0 758 239 16 42
1487 0 757 240 17 43
1488 0 753 240 22 42
1489 0 752 240 24 40
1514 0 702 240 17 45
1517 0 694 240 17 47
1518 0 693 241 18 46
1519 0 688 241 17 46
1520 0 688 242 17 45
1521 0 686 242 16 45
1522 0 683 240 18 49
1523 0 683 240 16 49
1524 0 682 240 16 49
1525 0 680 240 16 49
1526 0 679 240 18 50
1527 0 677 240 18 49
1528 0 677 240 17 51
1529 0 675 242 18 51
1530 0 672 243 24 54
1531 0 669 245 26 53
1532 0 668 245 25 50
1533 0 668 245 23 50
1534 0 666 245 20 52
1535 0 663 245 18 51
1536 0 662 244 20 52
1537 0 660 244 18 52
1538 0 659 245 18 53
1539 0 655 244 18 54
1540 0 654 244 16 52
1541 0 1269 260 22 74
1541 0 653 245 18 55
1542 0 1270 259 20 72
1542 0 652 244 20 56
1543 0 1269 258 22 74
1543 0 648 245 25 54
1544 0 648 245 25 53
1544 0 1265 257 30 78
1545 0 646 246 28 50
1545 0 1264 258 32 76
1546 0 646 248 31 49
1546 0 1264 258 32 76
1547 0 1264 258 32 77
1548 0 643 248 29 49
1548 0 1264 258 32 76
1549 0 1263 258 32 76
1550 0 638 246 23 52
1550 0 1261 258 28 77
1551 0 1257 256 22 75
1551 0 634 245 20 53
1552 0 1255 257 22 78
1552 0 632 245 19 54
1553 0 1253 258 24 77
1553 0 630 244 17 54
1554 0 1251 258 26 77
1554 0 629 243 14 53
1555 0 626 245 18 52
1555 0 1248 258 32 75
1556 0 625 245 19 52
1556 0 1247 258 32 75
1557 0 625 246 22 50
1557 0 1247 258 30 75
1558 0 623 247 22 48
1558 0 1246 258 30 77
1559 0 623 247 22 46
1559 0 1245 258 30 76
1560 0 1242 258 30 74
1560 0 622 248 24 47
1561 0 1240 258 30 73
1561 0 620 248 25 47
1562 0 1235 255 26 69
1562 0 619 247 26 48
1563 0 1230 248 20 52
1564 0 612 244 16 52
1565 0 610 244 17 52
1566 0 608 245 16 51
1572 0 1212 246 22 50
1573 0 1210 246 20 52
1574 0 1206 246 22 52
1575 0 1205 246 20 54
1576 0 1204 246 22 54
1580 0 16 443 29 74
1581 0 17 443 28 74
1582 0 17 444 28 72
1597 0 1161 242 24 47
1598 0 1161 243 24 46
1599 0 1156 242 22 47
1600 0 1153 242 22 47
1601 0 1152 242 22 46
1603 0 1148 245 18 52
1604 0 1147 245 20 54
1605 0 1146 246 20 56
1606 0 1144 246 20 54
1607 0 1143 247 20 55
1608 0 1138 247 24 57
1609 0 1136 246 24 56
1610 0 1135 246 24 58
1611 0 1133 245 22 57
1612 0 1131 245 22 57
1613 0 525 242 17 39
1613 0 1130 245 20 58
1614 0 524 242 16 40
1614 0 1128 245 18 58
1615 0 1126 245 18 58
1616 0 1124 245 20 59
1617 0 1122 245 18 59
1618 0 1121 245 18 59
1619 0 1120 246 20 60
1620 0 1116 250 18 63
1621 0 1112 252 22 69
1622 0 1111 250 24 69
1623 0 1108 251 28 70
1624 0 1105 251 30 70
1625 0 1102 251 34 72
1626 0 1100 251 32 70
1627 0 1099 250 30 69
1628 0 1099 250 26 68
1629 0 1098 250 24 71
1630 0 1097 250 24 70
1631 0 492 245 24 45
1631 0 1096 250 24 71
1632 0 492 245 21 46
1632 0 1094 250 22 72
1633 0 491 245 20 45
1633 0 1093 250 24 72
1634 0 490 245 19 45
1634 0 1091 250 26 72
1635 0 1088 251 34 70
1636 0 1087 250 34 73
1637 0 1088 251 36 72
1638 0 1087 250 34 71
1639 0 1084 250 32 70
1640 0 1082 250 28 69
1641 0 1080 250 22 71
1642 0 1079 250 24 71
1643 0 1078 250 24 71
1644 0 1074 250 22 71
1645 0 475 248 19 47
1645 0 1071 250 22 71
1646 0 1070 250 20 71
1647 0 1067 250 22 69
1648 0 1065 250 26 68
1649 0 1063 250 28 68
1650 0 1062 251 32 68
1651 0 1061 252 32 68
1652 0 1061 252 32 68
1653 0 1059 252 32 68
1654 0 1057 252 32 67
1655 0 1055 250 28 68
1656 0 1051 250 22 68
1657 0 1050 250 22 66
1658 0 1047 250 22 67
1659 0 1044 250 22 70
1660 0 455 253 23 53
1660 0 1043 249 24 70
1661 0 454 252 24 52
1661 0 1041 249 32 72
1662 0 454 252 22 52
1662 0 1039 249 35 70
1663 0 453 252 21 52
1663 0 1038 249 36 70
1664 0 1037 250 36 68
1665 0 452 251 20 52
1665 0 1037 249 34 70
1666 0 1035 248 30 69
1667 0 1033 248 27 69
1668 0 1031 248 22 67
1669 0 1028 248 21 69
1670 0 96 475 28 85
1670 0 1026 249 20 68
1671 0 1023 248 19 67
1671 0 98 477 32 85
1672 0 99 477 33 83
1672 0 1021 249 22 70
1673 0 446 253 22 53
1673 0 99 478 33 86
1673 0 1020 248 22 70
1674 0 1019 248 22 67
1674 0 445 255 23 54
1674 0 98 480 31 85
1675 0 1018 250 24 64
1675 0 98 481 32 85
1675 0 443 255 22 53
1676 0 443 256 22 52
1676 0 98 480 32 89
1677 0 1017 250 29 65
1677 0 442 255 23 53
1677 0 98 479 32 90
1678 0 1013 250 31 65
1678 0 442 256 22 54
1678 0 99 478 33 91
1679 0 1012 248 32 67
1679 0 442 256 23 54
1679 0 99 478 33 92
1680 0 1008 248 24 68
1680 0 441 256 22 52
1680 0 100 478 36 92
1681 0 1007 248 21 67
1681 0 440 257 24 54
1681 0 99 478 35 92
1682 0 440 258 24 54
1682 0 1004 248 19 67
1682 0 101 478 37 92
1683 0 440 261 23 57
1683 0 1001 247 19 66
1683 0 101 481 36 91
1684 0 439 262 24 58
1684 0 1000 248 20 66
1684 0 102 481 35 91
1685 0 438 263 23 57
1685 0 998 249 20 66
1685 0 103 481 34 90
1686 0 438 263 22 59
1686 0 998 250 22 67
1686 0 102 483 32 91
1687 0 995 249 24 66
1687 0 438 262 21 56
1687 0 102 483 31 92
1688 0 994 248 25 65
1688 0 438 263 22 58
1688 0 104 483 31 91
1689 0 993 248 25 65
1689 0 437 264 22 61
1689 0 104 484 32 93
1690 0 990 237 20 43
1690 0 437 265 23 62
1690 0 104 483 32 94
1691 0 988 237 20 42
1691 0 436 266 22 62
1691 0 104 484 33 93
1692 0 983 237 17 42
1692 0 435 266 22 61
1692 0 105 484 34 93
1693 0 982 237 17 42
1693 0 435 266 23 59
1693 0 106 484 34 93
1694 0 433 267 22 60
1694 0 107 484 38 93
1695 0 978 237 16 43
1695 0 432 268 25 59
1695 0 110 484 38 93
1696 0 976 237 16 43
1696 0 431 268 26 58
1696 0 112 486 37 91
1697 0 975 237 16 42
1697 0 430 268 25 57
1697 0 114 486 37 90
1698 0 974 237 16 43
1698 0 430 268 25 56
1698 0 114 487 37 90
1699 0 971 237 19 43
1699 0 428 269 27 57
1699 0 114 488 33 92
1700 0 970 237 20 43
1700 0 428 269 26 58
1700 0 114 488 33 93
1701 0 969 239 18 41
1701 0 428 269 25 58
1701 0 114 489 33 94
1702 0 427 270 26 58
1702 0 114 490 32 93
1703 0 427 271 26 59
1703 0 114 490 32 93
1704 0 426 272 26 58
1704 0 115 490 34 94
1705 0 425 273 26 58
1705 0 116 490 33 94
1706 0 425 274 26 59
1706 0 116 491 33 94
1707 0 424 274 24 59
1707 0 118 491 33 95
1708 0 424 274 24 58
1708 0 118 493 32 95
1709 0 424 274 24 59
1709 0 118 493 33 97
1710 0 423 275 23 62
1710 0 118 494 32 96
1711 0 422 275 23 60
1711 0 119 495 31 96
1712 0 422 276 23 59
1712 0 121 497 32 94
1713 0 122 499 30 91
1713 0 420 276 23 59
1714 0 420 277 22 59
1714 0 122 498 32 92
1715 0 419 277 22 59
1715 0 122 498 34 92
1716 0 417 279 22 58
1716 0 124 499 34 90
1717 0 415 279 22 58
1717 0 124 498 34 92
1718 0 413 279 22 57
1718 0 124 497 35 92
1719 0 411 280 22 58
1719 0 127 497 42 94
1720 0 410 279 21 58
1720 0 129 497 45 98
1721 0 409 279 22 58
1721 0 129 499 43 94
1722 0 409 279 22 59
1722 0 129 500 43 93
1723 0 407 280 24 58
1723 0 128 500 38 94
1724 0 407 279 23 59
1724 0 128 501 36 96
1725 0 927 239 19 46
1725 0 405 280 23 60
1725 0 128 501 35 94
1726 0 925 239 18 44
1726 0 405 280 23 60
1726 0 129 502 35 96
1727 0 403 281 26 58
1727 0 129 503 36 96
1728 0 130 503 36 98
1729 0 131 503 35 98
1730 0 131 503 35 97
1731 0 916 238 16 44
1731 0 131 507 33 94
1732 0 396 281 22 58
1732 0 131 507 35 98
1733 0 132 508 35 102
1734 0 132 509 35 103
1735 0 392 280 17 57
1735 0 133 509 34 99
1736 0 390 280 16 56
1736 0 133 510 36 99
1737 0 1271 256 18 74
1737 0 389 280 18 56
1737 0 134 512 38 99
1738 0 135 512 40 100
1739 0 1266 255 28 71
1739 0 135 512 40 100
1740 0 134 513 37 99
1741 0 1264 257 31 70
1741 0 134 512 37 100
1742 0 895 247 22 63
1742 0 1265 257 30 72
1742 0 136 512 39 101
1743 0 892 246 21 64
1743 0 1261 260 28 67
1743 0 138 512 43 101
1744 0 891 246 18 62
1744 0 1259 259 22 68
1744 0 141 512 49 102
1745 0 890 246 18 62
1745 0 1257 258 20 67
1745 0 141 513 48 102
1746 0 889 245 18 63
1746 0 1255 260 22 69
1746 0 139 513 45 100
1747 0 887 245 19 67
1747 0 1250 259 22 70
1747 0 138 515 36 95
1748 0 1249 260 22 69
1748 0 886 245 17 66
1748 0 142 516 44 99
1749 0 1247 260 22 69
1749 0 885 245 18 68
1749 0 141 515 41 98
1750 0 884 245 20 68
1750 0 1245 260 26 69
1750 0 142 516 42 100
1751 0 883 245 20 69
1751 0 141 516 38 100
1751 0 1245 260 26 69
1752 0 881 245 22 66
1752 0 1244 260 28 67
1752 0 141 516 37 100
