1280 720 23.97
1 0 1107 250 22 66
2 0 1105 250 24 65
3 0 1103 250 24 63
4 0 1099 250 32 62
5 0 1097 252 34 62
6 0 1095 252 36 62
7 0 1094 252 36 60
8 0 345 331 30 66
8 0 1093 252 34 61
9 0 346 330 30 65
9 0 1092 252 34 63
10 0 347 330 29 65
10 0 1090 252 36 63
11 0 1089 252 34 64
12 0 348 330 30 67
12 0 1086 250 30 63
13 0 1084 252 30 63
13 0 348 331 31 66
14 0 348 330 28 65
15 0 349 330 30 65
16 0 350 331 27 64
16 0 1074 250 20 64
17 0 350 332 28 61
17 0 1073 250 22 65
18 0 350 332 27 61
18 0 1072 250 22 64
19 0 351 332 24 57
19 0 1069 250 30 65
20 0 1068 250 34 65
21 0 1066 252 34 63
22 0 1065 250 34 61
23 0 1064 252 32 61
24 0 1061 252 32 61
25 0 1059 251 32 62
26 0 1059 252 32 62
27 0 1058 252 32 61
28 0 1053 252 24 61
29 0 1049 252 22 60
31 0 1045 252 24 60
32 0 1042 252 26 61
33 0 1042 252 30 61
34 0 1041 253 32 58
35 0 1038 253 34 57
36 0 1036 252 38 61
37 0 1035 253 36 59
38 0 1033 253 35 57
39 0 1033 252 34 60
40 0 368 320 24 68
40 0 1030 253 34 57
41 0 1027 253 34 56
41 0 368 319 24 68
42 0 368 319 24 69
42 0 1026 253 32 53
43 0 370 319 23 69
44 0 370 319 23 68
48 0 375 317 26 69
48 0 1008 246 27 72
49 0 375 318 27 70
49 0 1007 247 26 66
50 0 1006 249 28 62
51 0 1005 248 28 63
52 0 378 319 27 65
52 0 1002 250 36 63
53 0 1001 250 34 61
54 0 999 250 34 60
55 0 380 318 23 64
55 0 997 249 33 62
56 0 993 242 26 47
57 0 992 240 20 41
58 0 991 239 19 41
59 0 990 239 20 41
60 0 985 238 22 42
60 0 385 318 25 64
61 0 983 239 19 41
61 0 385 317 25 63
62 0 983 239 18 42
62 0 385 318 26 64
63 0 981 239 21 42
63 0 385 319 25 63
64 0 386 318 24 64
65 0 978 239 20 39
65 0 387 319 25 63
66 0 975 240 18 39
66 0 387 321 24 59
68 0 389 317 26 62
69 0 390 317 27 62
70 0 390 317 28 62
71 0 390 315 27 62
72 0 392 316 27 61
73 0 393 316 26 60
74 0 394 316 24 60
75 0 395 316 25 60
76 0 397 316 24 60
77 0 397 316 25 60
78 0 397 316 24 62
79 0 398 315 23 62
80 0 398 315 24 62
81 0 398 315 23 62
82 0 398 316 21 61
83 0 398 315 23 62
88 0 935 240 20 45
89 0 933 240 18 45
90 0 932 239 20 46
97 0 403 307 32 64
98 0 403 306 32 63
99 0 403 306 33 63
100 0 404 308 32 63
101 0 405 306 29 65
102 0 406 306 28 66
103 0 408 304 26 60
104 0 407 303 27 59
104 0 901 241 24 44
109 0 410 303 24 62
111 0 411 303 22 62
112 0 411 301 22 63
113 0 410 303 21 58
114 0 411 304 22 58
115 0 884 246 20 60
116 0 884 246 20 60
117 0 412 304 21 56
117 0 883 245 20 59
118 0 882 245 21 58
122 0 875 245 22 62
129 0 864 245 34 61
130 0 862 245 28 59
131 0 862 245 28 60
132 0 860 243 26 59
133 0 854 243 16 57
134 0 853 243 18 57
135 0 852 243 19 59
136 0 849 244 19 60
137 0 848 244 19 58
138 0 847 244 17 56
139 0 844 245 23 55
140 0 843 245 26 57
141 0 842 245 27 57
142 0 842 245 29 58
143 0 841 245 28 57
145 0 836 244 28 60
164 0 801 244 32 56
165 0 799 243 31 56
166 0 798 244 28 56
167 0 797 245 26 59
168 0 793 243 22 56
169 0 793 244 23 56
170 0 793 244 25 56
171 0 792 243 29 55
172 0 791 244 31 54
173 0 790 245 32 55
174 0 789 245 30 55
175 0 787 245 34 55
176 0 786 245 32 54
177 0 784 245 28 56
178 0 783 245 26 56
179 0 782 244 25 56
180 0 778 243 20 57
181 0 776 243 18 57
182 0 774 243 17 57
183 0 773 244 17 58
184 0 772 245 20 58
185 0 771 245 19 57
186 0 769 244 20 56
187 0 767 245 22 54
189 0 766 245 24 53
190 0 764 245 25 54
191 0 764 245 25 54
192 0 760 242 24 51
193 0 757 240 18 46
196 0 750 237 16 45
197 0 748 237 16 45
198 0 747 239 18 46
199 0 745 239 18 46
200 0 744 239 19 46
201 0 744 239 20 46
202 0 743 240 18 45
203 0 743 240 18 46
204 0 739 240 19 44
205 0 738 240 20 45
206 0 736 240 20 43
207 0 735 240 18 42
223 0 708 242 16 45
224 0 708 240 16 45
225 0 707 240 15 46
226 0 706 240 16 46
227 0 704 241 17 46
229 0 701 240 18 46
230 0 699 240 19 46
231 0 698 240 19 46
232 0 696 241 18 46
233 0 694 241 17 46
234 0 692 242 17 45
235 0 691 242 18 45
238 0 688 241 16 42
239 0 685 241 18 46
246 0 677 242 18 47
259 0 654 245 16 53
260 0 653 245 18 54
261 0 651 245 18 51
262 0 649 243 18 51
270 0 636 245 16 50
272 0 632 244 16 50
273 0 631 244 14 48
274 0 630 245 16 49
311 0 9 684 19 68
312 0 9 684 19 68
313 0 9 683 19 70
314 0 9 683 19 70
315 0 9 683 18 70
316 0 9 683 18 70
317 0 9 683 18 70
318 0 9 683 18 70
319 0 9 683 18 70
345 0 44 691 78 58
346 0 43 691 78 58
347 0 43 691 78 58
348 0 43 691 77 58
349 0 43 691 78 58
350 0 43 691 78 58
351 0 43 692 78 57
352 0 43 691 78 58
353 0 43 692 77 57
354 0 43 691 78 58
355 0 43 691 78 58
356 0 43 692 78 57
357 0 42 692 77 57
358 0 42 692 76 57
359 0 42 692 77 57
360 0 42 692 77 57
361 0 43 692 77 57
362 0 43 692 77 57
363 0 43 692 76 57
365 0 43 692 77 57
366 0 43 691 78 58
367 0 44 691 78 58
368 0 43 691 79 58
386 0 43 692 78 56
395 0 43 692 79 56
396 0 43 692 79 56
397 0 43 692 79 56
398 0 44 692 80 56
399 0 44 692 80 56
400 0 44 692 80 56
401 0 44 692 80 56
402 0 44 692 80 56
403 0 43 692 79 56
404 0 44 692 79 56
405 0 44 692 79 56
406 0 44 692 79 56
407 0 44 692 78 56
408 0 44 692 78 56
409 0 44 692 79 56
410 0 44 692 79 56
411 0 762 231 20 39
411 0 44 692 79 56
412 0 44 692 79 56
412 0 761 231 18 39
413 0 44 692 79 56
414 0 44 692 79 56
415 0 44 692 79 56
416 0 44 692 79 56
417 0 44 692 79 56
418 0 44 692 79 56
419 0 44 692 79 56
420 0 44 692 79 56
421 0 44 692 79 56
422 0 44 692 79 56
423 0 44 692 80 56
424 0 44 692 79 56
425 0 44 692 79 57
426 0 44 692 79 57
427 0 44 692 78 57
429 0 44 692 79 56
430 0 44 692 79 56
451 0 618 248 23 44
451 0 44 692 80 56
452 0 44 692 81 56
453 0 619 249 22 44
453 0 44 692 82 56
454 0 44 692 80 56
455 0 621 249 22 44
455 0 43 692 81 56
456 0 622 248 24 43
456 0 43 692 81 56
459 0 746 234 16 40
462 0 628 250 20 40
463 0 628 250 20 42
464 0 629 250 20 42
465 0 43 692 83 56
465 0 630 249 21 42
466 0 42 692 83 56
467 0 43 692 84 56
468 0 629 248 22 44
468 0 43 692 84 56
469 0 43 692 83 56
470 0 629 248 22 45
470 0 44 692 82 56
471 0 629 247 22 47
471 0 43 692 83 56
472 0 44 692 82 56
472 0 630 247 24 46
473 0 630 248 24 44
473 0 44 692 82 56
474 0 44 692 82 56
475 0 44 692 81 56
476 0 44 692 81 56
477 0 44 692 80 56
478 0 44 692 80 56
479 0 44 692 80 57
480 0 44 692 80 57
481 0 44 692 78 57
482 0 44 692 78 57
483 0 44 692 80 56
484 0 642 243 19 50
484 0 44 691 80 58
485 0 44 691 80 58
486 0 43 691 79 58
487 0 43 692 78 57
497 0 327 287 17 50
497 0 652 243 20 51
498 0 652 243 20 51
499 0 652 244 20 50
523 0 677 241 17 50
529 0 683 242 18 49
541 0 692 240 19 49
542 0 692 240 18 47
602 0 225 338 21 61
603 0 225 338 21 64
607 0 221 343 25 64
609 0 677 239 15 43
617 0 752 237 18 46
618 0 753 237 18 46
653 0 1168 696 56 48
654 0 1167 696 56 48
660 0 1142 698 54 44
661 0 1139 698 56 44
662 0 1133 698 52 44
663 0 1129 698 50 43
664 0 1122 698 52 43
667 0 652 240 21 44
667 0 1109 697 52 46
668 0 652 240 21 44
668 0 1105 696 50 47
669 0 651 240 22 45
669 0 1101 696 50 48
670 0 651 240 21 45
670 0 1098 696 54 48
671 0 650 240 20 44
672 0 649 240 19 44
673 0 649 240 19 45
674 0 649 240 19 46
675 0 649 240 18 46
676 0 649 240 18 46
677 0 649 240 18 46
678 0 649 240 18 46
679 0 1046 694 44 52
679 0 648 240 18 46
680 0 1043 694 44 52
680 0 648 240 18 45
681 0 1039 693 44 54
681 0 648 240 16 44
682 0 1035 693 46 53
682 0 648 240 16 44
683 0 648 240 17 44
683 0 1032 693 45 53
684 0 648 240 17 45
684 0 1025 693 42 54
685 0 648 241 17 44
685 0 1021 693 41 55
686 0 1017 692 41 56
687 0 647 240 18 43
687 0 1013 692 42 56
688 0 647 240 16 43
688 0 141 381 25 70
688 0 1002 692 51 57
689 0 647 241 16 44
689 0 139 381 25 71
689 0 1001 692 50 57
690 0 646 241 16 44
690 0 1001 691 51 58
691 0 994 691 44 58
692 0 990 690 48 60
693 0 983 688 58 64
694 0 982 688 56 64
695 0 982 687 56 65
696 0 132 385 24 68
696 0 981 687 62 66
697 0 645 242 14 43
697 0 976 686 62 68
697 0 131 384 22 67
698 0 131 385 21 70
698 0 644 241 15 44
698 0 977 685 66 70
699 0 129 384 19 68
699 0 978 684 74 71
699 0 645 242 14 45
700 0 128 385 20 71
701 0 643 242 14 44
702 0 643 242 14 44
703 0 942 682 43 77
704 0 642 242 16 43
704 0 939 680 46 79
705 0 641 242 16 43
705 0 933 679 50 83
706 0 932 677 50 85
707 0 931 677 48 86
711 0 914 651 44 135
712 0 122 394 24 73
712 0 638 242 17 44
712 0 909 649 36 140
713 0 904 648 44 141
714 0 901 649 51 142
715 0 119 399 27 70
715 0 637 242 16 44
716 0 637 242 14 44
716 0 892 649 60 142
717 0 636 242 16 44
717 0 889 649 62 142
718 0 636 242 16 44
718 0 891 649 60 142
719 0 636 242 16 44
719 0 888 648 57 140
720 0 112 400 21 63
720 0 637 242 15 44
720 0 881 645 50 138
721 0 636 242 16 45
721 0 879 644 50 140
722 0 112 399 20 66
722 0 636 242 16 45
722 0 873 643 42 142
723 0 866 643 43 142
723 0 635 242 14 45
724 0 635 242 14 45
725 0 635 242 14 45
726 0 854 648 40 127
726 0 635 242 15 45
727 0 108 403 24 64
727 0 850 651 44 122
727 0 634 242 14 45
728 0 633 242 14 45
728 0 848 641 48 140
729 0 633 242 14 44
729 0 846 640 48 140
730 0 633 242 14 44
730 0 844 643 50 138
731 0 633 242 14 43
731 0 843 639 50 144
732 0 837 638 40 133
732 0 631 242 14 43
733 0 631 242 14 43
734 0 631 243 14 42
735 0 629 242 14 41
736 0 628 243 16 42
737 0 628 242 16 43
738 0 627 242 14 44
739 0 626 242 16 44
740 0 626 241 16 44
741 0 624 241 16 44
742 0 625 242 15 43
743 0 625 242 15 42
744 0 623 243 16 42
744 0 789 633 34 110
745 0 624 243 16 42
745 0 788 631 36 102
746 0 93 420 32 79
746 0 622 243 16 42
746 0 785 633 38 110
747 0 94 421 33 78
747 0 622 243 16 42
747 0 782 632 35 108
748 0 91 423 29 76
748 0 622 243 15 42
749 0 91 423 27 74
749 0 620 242 16 43
750 0 772 631 40 102
750 0 620 242 16 44
751 0 619 243 14 41
751 0 770 627 44 94
752 0 618 243 14 41
752 0 765 623 42 82
753 0 618 243 14 42
755 0 616 242 14 44
755 0 757 627 38 86
756 0 615 242 14 43
756 0 754 628 40 88
757 0 615 243 14 44
757 0 750 627 38 86
758 0 614 243 14 45
758 0 749 625 38 83
759 0 613 243 14 46
759 0 747 627 39 84
760 0 612 244 15 44
760 0 743 626 38 80
761 0 612 244 15 44
761 0 740 627 40 78
762 0 611 244 14 44
762 0 737 626 44 76
763 0 609 243 14 43
763 0 735 626 50 77
764 0 733 626 50 76
765 0 730 626 48 76
766 0 726 626 48 76
768 0 719 625 34 75
769 0 717 625 30 74
775 0 699 624 46 72
776 0 694 621 36 66
777 0 692 621 34 65
778 0 687 620 36 64
779 0 683 620 43 64
780 0 684 619 40 61
781 0 682 619 44 62
782 0 683 620 50 62
783 0 681 619 50 61
784 0 672 621 64 63
785 0 667 619 57 62
786 0 665 618 54 62
787 0 662 618 47 59
788 0 661 617 46 58
789 0 657 616 41 56
790 0 654 616 39 57
790 0 587 239 22 36
791 0 651 615 34 58
793 0 585 240 18 33
794 0 584 239 18 34
795 0 584 239 18 34
796 0 583 240 18 35
797 0 582 240 16 35
798 0 582 239 16 36
799 0 581 239 16 38
800 0 623 579 51 124
800 0 580 239 16 38
801 0 623 577 46 122
801 0 580 239 16 38
803 0 580 239 16 38
805 0 611 570 38 114
807 0 597 569 38 112
808 0 598 569 44 112
809 0 599 570 46 113
810 0 598 569 48 114
811 0 587 568 30 112
812 0 586 567 32 114
813 0 584 567 34 113
814 0 579 574 32 100
815 0 579 574 32 100
817 0 573 574 34 98
818 0 570 565 35 116
819 0 570 567 36 114
820 0 568 572 40 100
821 0 567 571 39 99
822 0 564 567 40 109
823 0 559 563 38 106
824 0 556 562 36 106
825 0 554 560 36 112
826 0 550 561 33 104
827 0 550 561 33 104
828 0 548 558 35 111
829 0 546 558 36 109
830 0 542 558 44 108
831 0 542 558 44 105
832 0 542 559 41 102
833 0 541 559 42 104
834 0 539 558 42 102
835 0 535 558 42 100
836 0 532 558 39 96
837 0 529 559 36 94
838 0 524 561 28 90
839 0 524 561 28 90
840 0 520 562 29 88
841 0 520 562 31 88
842 0 517 561 34 89
843 0 515 561 34 90
844 0 515 560 35 88
845 0 515 560 37 90
846 0 513 560 34 85
847 0 512 561 34 87
848 0 507 560 27 84
852 0 498 559 33 78
853 0 497 560 36 80
854 0 496 559 40 74
855 0 494 555 40 68
856 0 492 553 38 68
857 0 490 554 35 67
859 0 484 555 36 66
864 0 470 555 31 62
865 0 468 555 33 62
866 0 467 555 35 62
867 0 465 555 35 61
895 0 526 243 16 38
896 0 524 243 16 39
897 0 524 243 16 39
903 0 520 245 16 41
904 0 374 522 44 97
904 0 520 244 16 42
905 0 518 245 15 41
905 0 372 521 40 98
906 0 370 522 36 97
906 0 518 245 16 42
907 0 518 245 16 43
908 0 363 520 30 99
908 0 517 245 16 43
909 0 517 245 16 42
909 0 361 521 30 98
910 0 516 245 16 42
910 0 360 520 32 96
911 0 516 245 16 42
911 0 360 520 32 96
912 0 515 245 16 40
912 0 358 519 34 97
913 0 514 245 16 39
913 0 357 519 36 98
914 0 353 517 35 94
915 0 351 515 34 94
916 0 350 516 31 93
917 0 347 515 30 94
918 0 346 516 30 97
919 0 344 516 30 92
920 0 343 518 30 89
921 0 342 517 31 90
922 0 341 517 34 90
923 0 341 517 34 90
924 0 340 517 34 90
925 0 339 516 34 84
926 0 336 518 38 85
927 0 334 518 36 81
928 0 332 516 36 85
929 0 330 516 35 84
930 0 327 516 32 86
931 0 324 516 32 84
932 0 322 516 33 83
933 0 322 517 34 82
934 0 320 516 36 81
935 0 320 516 36 81
936 0 318 516 38 81
937 0 316 516 39 79
938 0 315 517 42 82
939 0 312 514 38 76
940 0 310 515 33 73
941 0 310 512 32 68
942 0 308 513 32 70
943 0 493 243 18 40
943 0 306 513 33 71
944 0 493 243 18 40
944 0 305 513 34 68
945 0 492 243 17 40
945 0 305 513 37 67
946 0 303 513 38 66
947 0 303 513 38 66
948 0 301 513 38 66
949 0 300 513 38 64
950 0 298 514 39 64
951 0 295 514 37 64
955 0 485 245 15 42
955 0 287 513 28 59
956 0 286 513 28 59
957 0 286 513 29 58
958 0 284 512 33 58
959 0 284 512 33 58
960 0 281 512 31 56
961 0 282 513 32 57
962 0 279 513 29 55
963 0 277 513 26 55
964 0 275 513 24 57
965 0 273 513 26 57
966 0 273 512 26 56
967 0 271 512 27 56
968 0 269 513 30 57
969 0 268 512 29 55
970 0 267 511 30 54
971 0 267 511 30 54
972 0 265 512 32 56
973 0 264 512 33 56
974 0 259 513 29 56
975 0 475 248 19 47
976 0 473 248 19 48
979 0 251 509 28 50
980 0 250 509 28 50
981 0 249 509 29 49
982 0 245 508 29 46
983 0 245 508 29 46
984 0 242 508 28 46
1000 0 460 248 20 47
1010 0 454 251 20 50
1011 0 454 251 20 52
1012 0 453 251 19 52
1013 0 453 251 20 52
1014 0 452 250 20 52
1017 0 451 251 20 52
1018 0 450 252 19 51
1019 0 450 252 19 51
1020 0 450 253 18 51
1020 0 179 480 29 83
1021 0 450 253 18 51
1021 0 178 480 29 85
1022 0 175 478 30 84
1023 0 175 478 29 84
1024 0 448 252 18 52
1024 0 174 477 29 86
1025 0 448 252 18 52
1025 0 172 477 31 86
1026 0 448 252 17 53
1026 0 172 477 32 85
1027 0 447 252 18 54
1027 0 170 477 31 83
1028 0 447 252 18 54
1028 0 169 477 32 82
1029 0 446 252 18 54
1029 0 168 477 30 81
1030 0 445 253 19 54
1030 0 165 478 31 80
1031 0 445 253 19 54
1031 0 165 478 31 80
1032 0 445 252 20 52
1032 0 162 477 28 79
1033 0 445 253 19 54
1033 0 161 477 28 79
1034 0 443 255 19 57
1034 0 160 476 28 80
1035 0 443 255 18 59
1035 0 159 476 30 80
1036 0 443 256 20 57
1036 0 158 475 30 81
1037 0 442 256 20 57
1037 0 157 475 30 81
1038 0 442 256 20 57
1038 0 156 476 30 80
1039 0 441 258 20 54
1039 0 155 475 30 81
1040 0 440 259 20 54
1040 0 154 475 31 80
1041 0 440 259 21 54
1041 0 154 475 31 82
1042 0 438 260 21 53
1042 0 151 474 34 80
1043 0 438 260 21 53
1043 0 151 474 34 80
1044 0 438 260 21 52
1044 0 148 473 33 82
1045 0 437 260 19 50
1045 0 146 471 31 85
1046 0 436 262 20 52
1046 0 142 471 29 87
1047 0 141 471 29 87
1048 0 141 471 30 85
1049 0 436 263 20 53
1049 0 141 472 31 84
1050 0 436 263 20 53
1050 0 140 472 30 81
1051 0 138 472 30 81
1052 0 137 472 30 79
1053 0 136 472 29 80
1054 0 134 471 27 79
1055 0 134 471 27 79
1056 0 130 471 26 79
1057 0 129 470 26 80
1058 0 127 471 30 82
1059 0 127 470 30 80
1060 0 126 470 31 80
1061 0 126 471 31 79
1062 0 431 268 24 57
1062 0 125 471 32 78
1063 0 431 269 22 57
1063 0 122 471 36 79
1064 0 430 269 23 57
1064 0 122 471 36 78
1065 0 429 270 22 56
1065 0 121 471 36 78
1066 0 427 271 22 57
1066 0 116 470 33 78
1067 0 427 271 22 57
1067 0 116 470 33 78
1068 0 425 271 21 57
1068 0 111 468 29 79
1069 0 426 271 20 58
1069 0 109 469 27 78
1070 0 426 272 20 59
1070 0 108 468 27 79
1071 0 426 272 20 58
1071 0 106 468 29 79
1072 0 426 272 20 56
1072 0 106 468 29 80
1073 0 426 273 20 58
1073 0 105 468 30 79
1074 0 425 273 19 58
1074 0 104 468 31 79
1075 0 425 274 19 57
1075 0 102 467 30 82
1076 0 425 274 19 57
1076 0 101 467 31 80
1077 0 425 275 19 58
1077 0 99 467 31 79
1078 0 424 276 18 57
1078 0 96 465 28 78
1079 0 424 276 18 57
1079 0 96 465 28 78
1080 0 423 276 19 58
1080 0 95 465 28 78
1081 0 423 277 19 59
1081 0 94 465 26 78
1082 0 391 279 18 60
1082 0 94 465 24 77
1082 0 422 277 19 60
1083 0 390 278 17 56
1083 0 422 277 20 59
1084 0 389 279 18 58
1084 0 422 278 21 60
1085 0 389 279 18 58
1085 0 421 278 20 60
1086 0 389 279 18 58
1086 0 421 278 20 60
1087 0 388 280 18 60
1087 0 420 279 21 58
1088 0 387 279 18 58
1088 0 418 279 21 57
1089 0 418 280 20 56
1092 0 414 281 20 56
1093 0 413 281 20 56
1094 0 412 282 20 56
1095 0 412 282 21 55
1096 0 410 282 21 55
1097 0 410 282 20 56
1098 0 410 282 21 56
1099 0 408 282 21 57
1100 0 408 282 21 57
1101 0 408 283 20 56
1102 0 371 285 18 58
1102 0 408 282 21 57
1103 0 371 285 18 58
1103 0 408 282 21 57
1104 0 407 282 22 57
1105 0 407 283 20 58
1106 0 405 282 21 59
1107 0 405 282 22 59
1111 0 400 282 25 60
1112 0 400 283 25 60
1113 0 398 283 27 60
1116 0 398 284 27 59
1117 0 397 285 26 59
1118 0 395 284 25 58
1120 0 393 285 23 59
1121 0 393 285 22 58
1122 0 392 285 23 59
1123 0 390 284 22 58
1124 0 390 284 20 58
1125 0 389 285 22 57
1126 0 388 285 21 58
1127 0 388 285 21 58
1128 0 387 285 22 58
1129 0 20 455 29 75
1129 0 387 286 22 58
1130 0 386 286 22 56
1130 0 19 454 31 78
1131 0 386 286 20 56
1131 0 19 455 30 75
1132 0 385 287 21 56
1132 0 19 455 31 75
1133 0 18 454 33 77
1134 0 17 453 32 78
1136 0 382 287 19 53
1138 0 337 287 18 53
1139 0 337 287 18 53
1140 0 380 288 21 56
1141 0 378 290 20 57
1142 0 378 292 23 61
1143 0 378 291 21 58
1144 0 378 290 19 56
1145 0 377 292 21 59
1146 0 376 292 20 59
1147 0 374 292 22 59
1148 0 373 292 22 58
1149 0 372 292 22 59
1150 0 372 293 23 58
1151 0 371 292 22 59
1152 0 370 293 24 58
1153 0 328 290 19 58
1153 0 370 293 24 58
1154 0 367 292 22 60
1155 0 327 291 20 56
1155 0 367 292 21 61
1156 0 366 292 22 61
1157 0 366 293 24 64
1158 0 365 293 23 64
1159 0 365 293 24 65
1160 0 365 295 23 63
1161 0 365 296 23 64
1162 0 365 296 22 64
1163 0 365 297 22 63
1164 0 365 297 21 62
1165 0 364 298 22 64
1166 0 363 297 21 62
1167 0 363 299 21 66
1168 0 363 300 22 65
1169 0 363 303 22 61
1170 0 363 303 22 59
1171 0 362 303 23 61
1172 0 361 304 22 60
1173 0 360 305 24 61
1174 0 360 305 25 61
1175 0 360 304 25 62
1176 0 360 306 26 60
1177 0 359 306 26 60
1178 0 358 306 25 59
1179 0 357 306 23 60
1180 0 356 306 24 60
1181 0 357 307 25 62
1182 0 356 307 24 62
1183 0 355 309 22 62
1184 0 355 309 22 60
1185 0 355 308 22 61
1186 0 355 309 23 61
1187 0 355 309 23 61
1188 0 353 310 21 62
1189 0 353 310 21 62
1190 0 353 311 21 61
1191 0 353 311 22 59
1192 0 352 310 21 60
1195 0 350 313 21 66
1196 0 350 313 21 63
1197 0 309 314 19 65
1197 0 350 314 22 63
1198 0 349 314 22 63
1199 0 349 314 22 63
1200 0 348 316 26 63
1201 0 347 317 26 62
1202 0 345 317 25 61
1203 0 343 318 24 60
1204 0 343 318 26 60
1205 0 342 318 24 60
1206 0 340 318 24 60
1207 0 298 316 16 59
1207 0 338 317 23 61
1208 0 298 316 17 60
1208 0 338 317 22 61
1209 0 337 317 21 61
1210 0 335 319 22 62
1211 0 335 319 22 62
1212 0 335 319 23 62
1213 0 333 320 23 62
1214 0 333 320 22 64
1215 0 332 321 23 63
1216 0 332 320 23 64
1217 0 331 320 22 64
1218 0 330 320 20 64
1219 0 328 320 21 64
1220 0 288 320 21 60
1220 0 327 320 22 64
1221 0 326 320 22 64
1222 0 284 321 24 58
1222 0 325 321 21 65
1223 0 284 321 25 58
1223 0 325 321 21 65
1224 0 282 321 24 58
1224 0 322 319 23 67
1225 0 320 320 27 66
1226 0 316 321 35 67
1227 0 277 322 20 57
1227 0 316 321 33 67
1228 0 276 322 20 57
1228 0 315 321 35 70
1229 0 276 322 20 57
1229 0 316 322 34 67
1230 0 275 322 21 58
1230 0 316 324 32 65
1231 0 315 325 31 62
1231 0 274 322 23 57
1232 0 315 324 29 61
1232 0 272 322 23 56
1233 0 271 322 27 56
1233 0 315 324 30 63
1234 0 271 323 27 58
1234 0 311 325 27 58
1235 0 271 323 27 58
1235 0 311 325 27 58
1236 0 270 324 25 56
1237 0 309 325 26 57
1237 0 270 324 24 56
1238 0 269 325 24 58
1239 0 269 325 23 57
1240 0 269 325 23 58
1241 0 268 325 22 58
1242 0 267 325 22 58
1243 0 263 325 22 59
1244 0 263 325 22 59
1245 0 262 325 22 59
1246 0 261 326 21 60
1247 0 261 326 21 60
1250 0 260 330 22 64
1250 0 298 333 24 60
1251 0 259 330 22 63
1251 0 297 333 22 58
1252 0 259 331 21 62
1252 0 295 335 25 65
1253 0 259 332 21 63
1253 0 294 335 24 65
1254 0 259 332 21 63
1254 0 294 336 23 64
1255 0 258 332 21 64
1255 0 292 338 23 63
1256 0 292 338 24 64
1257 0 291 338 24 63
1258 0 290 340 26 62
1259 0 290 340 26 62
1260 0 288 340 21 60
1261 0 287 340 22 60
1262 0 285 341 26 66
1263 0 284 342 24 64
1264 0 285 344 23 66
1265 0 284 345 24 67
1266 0 283 345 22 65
1267 0 282 346 23 64
1268 0 281 346 23 64
1269 0 281 346 24 63
1270 0 280 348 24 69
1271 0 280 348 24 69
1272 0 276 348 27 67
1273 0 276 349 25 68
1274 0 275 351 23 70
1275 0 275 350 22 72
1276 0 274 351 23 70
1277 0 273 351 22 69
1278 0 272 353 23 70
1279 0 271 356 24 73
1280 0 272 356 24 73
1281 0 270 356 25 73
1284 0 270 357 23 70
1285 0 269 357 24 70
1286 0 266 359 26 68
1287 0 265 361 25 69
1288 0 264 362 24 70
1289 0 264 363 25 74
1290 0 263 364 26 72
1291 0 260 367 29 71
1292 0 260 368 29 70
1293 0 260 368 31 69
1294 0 255 369 23 68
1295 0 255 369 23 68
1296 0 222 368 18 67
1297 0 221 368 18 64
1297 0 254 368 25 68
1298 0 252 369 24 66
1299 0 251 369 24 67
1300 0 251 369 26 68
1301 0 250 370 25 68
1302 0 214 371 19 59
1302 0 249 370 24 68
1303 0 248 371 25 67
1304 0 245 374 23 63
1305 0 245 374 22 63
1306 0 243 374 22 63
1307 0 243 374 22 63
1308 0 240 373 21 64
1309 0 240 371 21 67
1310 0 238 371 22 70
1311 0 237 370 22 70
1312 0 236 371 24 71
1313 0 235 370 24 70
1314 0 234 371 24 69
1315 0 234 372 27 67
1316 0 232 374 28 65
1317 0 232 373 28 68
1318 0 231 374 31 67
1319 0 231 374 31 67
1320 0 229 376 30 64
1321 0 229 376 31 62
1322 0 228 375 31 65
1323 0 226 377 29 64
1324 0 224 378 23 65
1325 0 222 378 23 65
1326 0 222 379 22 64
1327 0 220 379 21 66
1329 0 216 377 28 68
1330 0 216 378 27 69
1331 0 216 378 27 69
1332 0 216 378 23 64
1333 0 216 379 24 64
1334 0 216 382 23 64
1335 0 216 383 23 64
1336 0 215 382 22 65
1337 0 215 382 23 65
1338 0 214 381 23 63
1339 0 213 384 24 70
1340 0 212 387 24 74
1341 0 211 387 25 74
1356 0 154 388 29 84
1357 0 155 397 22 66
1358 0 155 398 22 60
1359 0 153 398 22 61
1362 0 152 400 22 59
1363 0 152 401 24 62
1388 0 174 417 29 78
1392 0 170 421 31 78
1394 0 121 419 21 61
1395 0 121 419 21 58
1396 0 160 427 30 72
1396 0 119 419 19 48
1397 0 159 427 31 70
1397 0 117 422 20 56
1398 0 44 690 78 58
1398 0 160 429 35 69
1398 0 116 426 21 63
1399 0 44 690 78 58
1399 0 158 429 32 70
1400 0 156 429 30 69
1401 0 111 426 21 59
1401 0 154 429 27 70
1402 0 151 429 25 73
1402 0 109 426 23 64
1403 0 151 429 24 73
1403 0 109 426 23 64
1404 0 108 424 25 58
1405 0 149 432 29 71
1405 0 106 426 25 63
1413 0 136 431 28 76
1414 0 135 431 26 74
1415 0 135 431 26 74
1416 0 133 433 26 74
1417 0 131 433 27 75
1418 0 129 433 31 78
1419 0 129 433 32 80
1420 0 128 433 33 81
1421 0 128 435 35 79
1422 0 127 435 36 78
1423 0 125 435 34 76
1424 0 124 436 32 75
1425 0 122 436 31 75
1426 0 119 436 29 77
1427 0 119 436 30 77
1428 0 116 436 26 76
1429 0 114 436 25 76
1430 0 112 436 25 79
1431 0 111 438 25 77
1432 0 110 438 26 78
1433 0 109 439 25 80
1434 0 109 439 25 79
1435 0 108 439 29 83
1436 0 108 439 29 84
1437 0 108 439 28 85
1438 0 108 441 27 83
1439 0 108 441 27 83
1440 0 108 442 25 80
1441 0 106 443 25 78
1442 0 104 443 25 76
1443 0 104 442 28 80
1444 0 104 443 28 79
1445 0 103 444 28 80
1446 0 102 444 27 80
1447 0 101 445 26 80
1448 0 101 445 27 79
1449 0 100 446 28 80
1450 0 98 445 33 82
1451 0 98 445 33 82
1452 0 97 445 32 81
1453 0 96 446 32 80
1454 0 94 446 30 80
1455 0 93 446 30 81
1456 0 92 446 29 81
1457 0 91 446 26 81
1458 0 91 448 25 81
1459 0 89 448 23 80
1486 0 23 464 31 80
1487 0 23 464 31 80
1488 0 22 464 29 80
1489 0 20 464 29 80
1490 0 20 465 28 82
1491 0 19 465 31 81
1492 0 18 465 32 81
1493 0 18 466 31 80
1494 0 17 467 30 79
1495 0 16 467 30 79
1496 0 16 467 31 79
1497 0 16 467 31 78
1498 0 15 468 29 80
1499 0 15 468 29 80
1500 0 15 468 29 80
1506 0 12 471 24 79
1507 0 11 471 23 79
1508 0 11 471 23 78
1509 0 11 471 22 78
1514 0 42 471 33 83
1514 0 10 474 20 81
1515 0 41 472 32 84
1515 0 10 474 20 81
1516 0 41 472 31 84
1516 0 9 474 19 83
1517 0 41 472 31 84
1517 0 9 474 19 84
1518 0 9 474 18 84
1526 0 9 477 17 89
1529 0 44 474 34 84
1530 0 9 478 17 89
1530 0 43 474 33 87
1531 0 9 479 17 88
1531 0 43 476 33 90
1532 0 9 478 18 89
1533 0 43 478 34 92
1533 0 9 479 18 86
1534 0 9 480 19 87
1535 0 9 480 19 87
1536 0 9 480 19 85
1537 0 10 480 20 85
1538 0 10 481 20 86
1539 0 42 481 35 91
1539 0 10 481 20 86
1540 0 41 481 33 90
1540 0 10 482 20 88
1541 0 40 481 33 91
1541 0 10 482 20 88
1542 0 10 482 20 88
1543 0 36 481 30 91
1543 0 9 483 19 87
1544 0 34 481 28 90
1544 0 10 483 20 89
1545 0 34 481 28 91
1545 0 10 483 20 90
1546 0 33 482 27 92
1546 0 10 483 20 90
1547 0 33 482 27 92
1547 0 10 483 20 90
1548 0 33 482 27 92
1548 0 10 484 20 89
1549 0 9 484 19 89
1550 0 10 484 20 89
1551 0 10 484 20 89
1552 0 10 484 20 89
1569 0 11 491 23 90
1570 0 11 492 22 88
1570 0 32 490 29 94
1571 0 11 492 22 88
1571 0 32 490 29 92
1572 0 11 493 23 90
1572 0 31 490 30 94
1573 0 30 490 32 94
1574 0 10 493 21 91
1574 0 30 491 31 94
1575 0 10 492 21 92
1575 0 30 490 32 95
1576 0 10 493 21 91
1576 0 30 490 33 95
1577 0 30 491 33 94
1578 0 29 492 32 96
1579 0 28 493 32 96
1580 0 28 494 32 96
1581 0 28 494 32 96
1582 0 27 496 32 97
1583 0 27 496 32 97
1584 0 27 496 33 97
1585 0 25 496 33 96
1586 0 25 496 33 97
1587 0 26 496 32 96
1588 0 26 496 32 96
1589 0 25 497 34 98
1590 0 25 497 34 99
1591 0 25 497 35 100
1592 0 25 497 34 101
1593 0 25 498 36 100
1594 0 25 499 36 100
1595 0 25 499 36 100
1596 0 23 500 35 98
1597 0 22 500 37 99
1598 0 21 500 38 100
1599 0 20 500 39 100
1600 0 20 501 38 100
1601 0 19 500 38 101
1602 0 19 500 38 101
1603 0 19 501 37 100
1604 0 18 502 36 100
1605 0 18 502 35 101
1606 0 16 503 32 101
1607 0 16 503 32 101
1608 0 15 505 31 102
1609 0 15 506 30 102
1610 0 15 508 30 104
1611 0 15 508 29 104
1612 0 15 510 29 104
1613 0 15 510 29 104
1614 0 15 509 29 105
1615 0 15 509 29 105
1616 0 15 510 29 104
1617 0 14 510 28 104
1618 0 14 509 27 102
1619 0 14 509 27 102
1620 0 14 510 27 105
1621 0 13 512 26 104
1622 0 12 513 25 107
1623 0 12 513 25 106
1624 0 12 513 25 106
1625 0 12 515 24 105
1626 0 12 513 24 107
1627 0 12 514 24 108
1628 0 11 515 23 106
1629 0 11 516 23 104
1630 0 11 516 22 105
1631 0 11 516 22 104
1632 0 10 520 20 93
1634 0 7 525 14 91
1635 0 6 526 11 93
1636 0 6 525 11 94
1637 0 5 526 10 93
1740 0 11 681 22 70
1741 0 11 681 22 70
1742 0 10 681 21 70
1743 0 10 682 21 69
1744 0 10 681 21 70
1745 0 10 681 21 70
1746 0 10 681 20 70
1747 0 10 681 20 70
1748 0 10 681 20 70
1749 0 10 681 20 70
1750 0 10 681 20 70
1751 0 9 682 18 72
1753 0 9 681 19 70
1754 0 9 681 19 72
1755 0 10 680 20 72
1756 0 10 680 20 72
1757 0 10 680 20 72
1758 0 10 680 20 72
1759 0 10 680 20 72
1760 0 10 680 20 72
1761 0 10 680 20 71
1762 0 10 680 21 71
1763 0 10 680 21 71
1764 0 11 680 22 72
1765 0 11 681 22 70
1766 0 10 681 21 68
1767 0 11 681 22 68
1768 0 12 681 24 66
1769 0 12 680 25 64
1770 0 12 680 25 64
1771 0 12 681 24 66
1772 0 12 681 24 66
1773 0 11 683 23 68
1774 0 12 683 25 67
1775 0 12 683 24 67
1776 0 12 683 24 66
1777 0 12 683 25 66
1778 0 13 684 26 64
1779 0 13 684 26 66
1786 0 13 686 26 64
1872 0 11 683 22 70
1873 0 11 683 23 70
1874 0 12 683 25 71
1875 0 12 683 25 71
1876 0 12 682 25 72
1877 0 12 682 25 72
1878 0 12 683 25 71
1879 0 12 683 25 71
1880 0 12 683 25 71
1881 0 12 682 25 72
1882 0 12 683 25 71
1883 0 12 683 25 71
1884 0 12 683 25 71
1885 0 12 682 25 72
1886 0 12 682 25 72
1887 0 12 682 25 72
1888 0 12 683 25 71
1889 0 12 683 25 71
1890 0 12 683 25 71
1891 0 12 683 25 71
1892 0 12 683 25 71
1893 0 12 683 25 71
1894 0 12 683 25 70
1895 0 12 683 25 70
1896 0 12 683 25 70
1897 0 12 683 25 70
1898 0 12 683 25 69
1899 0 12 683 25 69
1900 0 12 684 25 68
1901 0 12 684 25 68
1902 0 12 683 25 69
1903 0 12 683 25 69
1904 0 12 683 25 69
1905 0 12 683 25 69
1906 0 12 684 25 68
1907 0 12 684 25 68
