1280 720 23.97
5 2 314 255 67 42
6 2 314 255 67 42
7 2 314 255 67 42
8 2 314 255 67 42
9 2 313 255 66 42
10 2 313 255 66 42
11 2 313 255 66 42
12 2 314 255 67 43
13 2 313 255 66 43
14 2 314 255 67 43
15 2 314 255 67 43
16 2 313 255 66 43
17 2 314 255 67 42
20 2 313 255 66 43
21 2 313 255 66 43
23 2 314 255 67 42
24 2 314 255 67 43
25 2 314 255 66 43
26 2 314 255 66 42
29 2 314 255 67 43
30 2 314 255 67 42
31 2 314 255 66 43
34 2 314 255 65 42
35 2 314 255 65 42
36 2 314 255 65 42
37 2 314 255 65 42
38 2 314 255 65 42
39 2 314 255 65 42
40 2 314 255 65 42
41 2 314 255 66 42
43 2 313 255 66 44
44 2 314 255 67 42
53 2 313 255 66 42
54 2 313 255 66 42
55 2 314 255 65 42
65 2 314 255 64 43
66 2 314 255 64 43
67 2 315 255 65 43
68 2 315 255 64 43
69 2 315 255 65 43
70 2 315 255 65 43
71 2 315 255 65 43
72 2 314 255 66 42
73 2 314 255 66 43
74 2 314 255 66 43
77 2 314 255 66 42
78 2 314 255 66 43
79 2 314 255 68 43
80 2 314 255 68 43
81 2 315 255 67 43
82 2 315 255 67 43
83 2 315 255 67 43
84 2 315 255 67 43
85 2 315 255 66 43
86 2 315 255 67 43
87 2 315 255 66 43
88 2 315 255 67 43
89 2 315 255 67 43
90 2 315 255 66 43
91 2 315 255 67 43
92 2 315 255 67 43
93 2 314 255 66 43
94 2 315 255 65 43
95 2 315 255 65 43
96 2 313 255 66 42
97 2 314 255 65 43
97 0 1262 325 36 94
99 2 314 255 65 43
100 0 1262 327 36 98
101 0 1260 326 40 96
102 0 1260 326 40 96
103 2 314 255 65 43
104 2 314 255 65 43
104 0 1248 332 62 98
105 0 1248 337 64 99
106 0 1247 339 60 104
107 0 1247 340 58 107
108 2 314 255 65 43
108 0 1250 345 48 115
109 0 1249 343 44 111
110 0 1249 338 44 100
111 0 1248 338 42 97
112 0 1246 340 42 102
113 0 1243 345 42 107
114 0 1242 346 42 108
115 0 1237 348 40 111
116 0 1235 349 40 114
117 2 314 255 67 43
118 2 314 255 67 43
119 2 314 255 67 43
120 2 314 255 67 43
121 2 314 255 67 43
122 2 314 255 67 43
123 2 314 255 67 43
124 2 314 255 67 43
125 2 314 255 67 43
126 2 313 255 66 43
127 2 313 255 66 43
128 2 314 255 66 43
129 2 314 255 66 43
130 2 314 255 66 43
131 2 314 255 66 43
132 2 314 255 66 43
133 2 314 255 66 43
134 2 314 255 66 43
134 0 1191 362 54 115
135 2 314 255 66 43
135 0 1192 362 50 116
136 2 314 255 66 43
136 0 1192 362 50 116
137 2 314 255 66 43
137 0 1190 362 44 115
138 2 313 255 66 43
138 0 1190 362 44 114
139 2 313 255 66 43
139 0 1188 363 44 114
140 2 313 255 66 43
140 0 1186 362 46 115
141 2 313 255 66 43
141 0 1179 360 52 108
141 0 426 676 40 88
142 2 313 255 66 43
142 0 1179 360 52 108
142 0 425 674 41 90
143 2 314 255 67 43
143 0 1178 359 46 106
143 0 423 673 45 94
144 2 314 255 67 43
144 0 1176 359 44 107
144 0 422 670 48 96
145 2 314 255 67 43
145 0 1175 358 44 105
145 0 422 670 50 100
146 2 314 255 67 43
146 0 1172 358 42 104
146 0 422 669 51 102
147 2 314 255 67 43
147 0 1171 359 42 105
147 0 420 668 53 104
148 2 314 255 67 43
148 0 1170 359 44 106
148 0 420 667 53 106
149 2 314 255 67 43
149 0 1167 359 42 107
149 0 417 666 53 109
150 2 314 255 67 42
150 0 1166 359 42 107
150 0 417 666 53 109
151 0 1164 359 40 106
151 0 416 665 56 110
152 0 1162 359 38 105
152 0 416 664 56 112
153 0 1159 360 36 104
153 0 415 663 57 114
154 0 415 661 57 117
154 0 1157 360 36 102
155 0 1156 359 36 101
155 0 414 661 58 118
156 2 314 255 67 43
156 0 413 658 60 123
157 2 314 255 67 43
157 0 1151 358 40 98
157 0 413 657 60 126
158 2 314 255 67 43
158 0 1150 358 38 97
158 0 412 656 61 128
159 2 314 255 67 43
159 0 1150 358 38 97
159 0 412 655 62 128
160 2 314 255 67 43
160 0 1150 359 36 97
160 0 411 655 62 130
161 2 314 255 67 43
161 0 1146 358 38 96
161 0 410 654 64 133
162 2 314 255 67 43
162 0 1145 359 42 98
162 0 410 654 64 133
163 2 314 255 66 42
163 0 1140 358 44 96
163 0 407 653 63 134
164 2 314 255 66 43
164 0 1139 358 44 93
164 0 405 652 63 135
165 2 314 255 66 43
165 0 402 650 63 140
165 0 1138 359 42 95
166 2 314 255 66 43
166 0 400 649 63 142
166 0 1138 360 42 96
167 2 314 255 66 43
167 0 1137 361 40 97
167 0 397 649 61 142
168 2 314 255 66 43
168 0 392 647 60 146
169 0 1132 362 44 93
169 2 314 255 66 43
169 0 390 646 59 148
170 0 1118 362 70 93
170 0 390 645 59 150
171 0 1117 362 68 92
171 0 388 644 60 152
172 0 1116 362 64 92
172 0 388 644 60 153
173 0 1114 362 62 88
173 0 386 643 62 154
174 0 1114 362 62 89
174 0 386 643 62 154
175 0 1113 362 60 88
175 0 385 644 63 152
176 0 1111 362 58 88
176 0 385 644 63 152
177 0 1110 362 54 85
177 0 383 644 63 151
178 0 1109 363 52 82
178 0 382 644 63 152
179 0 1108 365 50 81
179 0 381 643 60 154
180 0 1106 365 48 79
180 0 379 641 58 155
181 0 1106 365 46 79
181 0 377 639 58 157
182 0 376 638 58 160
183 0 375 638 58 163
184 0 374 638 58 163
185 0 371 637 58 166
186 0 371 637 58 166
187 0 368 635 60 170
188 0 367 635 58 171
189 0 363 633 54 174
190 0 361 632 54 176
191 0 359 629 54 182
192 0 1083 378 36 58
192 0 358 626 59 188
193 0 355 625 58 190
194 0 353 623 59 194
195 0 352 622 56 195
196 0 350 620 55 196
197 0 348 619 53 198
198 0 347 619 54 198
199 2 314 255 65 43
199 0 345 619 54 199
200 0 344 618 54 200
201 0 342 617 51 198
202 2 314 255 65 44
202 0 342 617 50 198
203 0 1050 428 42 120
203 0 341 615 50 198
204 0 1047 428 36 120
204 0 341 608 50 192
205 0 1046 428 36 122
205 0 340 606 52 189
206 0 1043 428 38 121
206 0 340 605 52 188
207 0 1042 429 38 123
207 0 340 603 52 186
208 0 1041 428 38 124
208 0 339 601 54 186
209 0 1036 428 38 125
209 0 338 600 56 186
210 0 1035 428 36 125
210 0 338 600 57 188
211 0 1028 428 40 124
211 0 337 599 61 187
212 0 1024 429 46 122
212 0 337 599 61 187
213 0 334 599 60 187
214 0 1016 430 40 121
214 0 332 597 59 187
215 0 1014 430 41 123
215 0 330 596 60 187
216 0 1011 430 34 124
216 0 326 596 60 190
217 0 1008 430 32 124
217 0 323 590 59 180
218 0 1006 429 32 125
218 0 322 588 60 180
219 0 322 583 61 177
219 0 1003 429 31 125
220 0 320 583 60 178
220 0 1001 429 30 124
221 0 994 428 40 124
221 0 318 581 59 183
222 0 993 428 39 124
222 0 318 581 60 183
223 0 986 429 56 126
223 0 315 581 57 184
224 0 313 581 56 184
224 0 982 429 62 124
225 0 310 580 54 184
225 0 978 429 65 122
226 0 309 580 54 184
226 0 977 429 62 122
227 0 308 578 53 184
227 0 976 429 64 122
228 0 307 575 54 182
228 0 973 429 58 124
229 0 306 574 53 183
229 0 972 428 52 124
230 0 305 570 51 176
230 0 970 428 48 124
231 0 305 567 51 175
231 0 966 428 40 124
232 0 964 428 38 124
232 0 304 565 51 174
233 0 959 428 38 124
233 0 301 563 50 174
234 0 959 428 38 124
234 0 301 563 50 174
235 0 952 427 39 126
235 0 299 562 48 176
236 0 947 429 46 125
236 0 299 562 47 177
237 0 296 562 47 177
237 0 937 429 58 125
238 0 295 562 47 177
238 0 935 430 62 124
239 0 295 562 47 176
239 0 933 429 66 123
240 0 293 559 48 174
240 0 931 429 66 122
241 0 292 555 48 169
241 0 930 430 64 122
242 0 291 551 47 163
242 0 929 430 62 122
243 0 291 549 46 164
243 0 927 430 58 123
244 0 290 548 46 164
244 0 925 429 54 124
245 0 288 545 47 166
245 0 919 429 42 125
246 2 315 255 65 43
246 0 288 545 48 167
246 0 919 429 42 123
247 2 315 255 65 43
247 0 286 545 48 170
247 0 912 428 37 123
248 2 315 255 65 43
248 0 910 428 36 123
248 0 285 545 46 170
249 2 315 255 65 43
249 0 903 429 42 123
249 0 284 545 46 170
250 2 315 255 65 43
250 0 897 428 50 125
250 0 284 544 45 168
251 0 283 543 44 170
251 0 894 427 52 126
252 0 281 540 42 160
252 0 887 428 65 125
253 0 280 538 43 159
253 0 886 428 67 124
254 0 280 535 44 157
254 0 885 428 68 125
255 0 280 535 43 155
255 0 884 428 68 125
256 0 278 533 44 156
256 0 882 428 64 123
257 0 276 530 46 156
257 0 878 427 56 122
258 2 315 255 65 43
258 0 276 530 46 158
258 0 878 427 55 122
259 2 315 255 65 43
259 0 872 426 41 123
259 0 274 529 46 158
260 0 868 425 36 122
260 0 273 529 46 155
261 0 272 530 46 156
261 0 861 425 39 124
262 0 857 426 41 125
262 0 271 530 46 152
263 0 270 529 47 154
263 0 852 425 43 124
264 0 267 524 46 148
264 0 842 426 56 121
265 0 265 522 45 149
265 0 841 427 61 122
266 0 1250 663 60 110
266 0 265 521 45 148
266 0 838 426 66 121
267 0 1247 663 66 110
267 0 264 519 43 146
267 0 837 426 66 120
268 0 1244 662 72 112
268 0 262 518 45 151
268 0 836 427 68 120
269 0 261 516 44 152
269 0 1239 659 82 118
269 0 833 426 63 123
270 0 261 516 44 152
270 0 1239 659 82 118
270 0 833 426 63 123
271 0 259 516 42 152
271 0 1239 655 82 126
271 0 829 426 53 123
272 0 258 516 42 152
272 0 1239 654 80 127
272 0 827 426 48 122
273 0 256 514 42 152
273 0 821 425 38 122
273 0 1231 653 78 134
274 0 255 513 42 155
274 0 817 424 36 116
274 0 1225 652 78 132
275 0 255 511 41 154
275 0 1220 651 80 134
275 0 814 426 36 120
276 0 808 426 40 120
276 0 252 507 42 144
276 0 1209 650 80 136
277 0 803 426 42 120
277 0 251 506 43 144
277 0 1204 650 78 137
278 0 1197 650 80 139
278 0 797 426 53 119
278 0 251 504 44 144
279 0 1191 649 80 138
279 0 250 503 44 142
279 0 794 426 60 122
280 0 1185 649 80 138
280 0 249 502 46 144
280 0 792 426 64 120
281 0 1171 644 82 148
281 0 247 502 46 141
281 0 789 426 70 120
282 0 1173 647 78 143
282 0 247 502 46 145
282 0 789 426 70 120
283 0 1162 635 74 134
283 0 245 501 45 140
283 0 786 426 64 120
284 0 784 426 60 120
284 0 244 501 44 138
285 0 779 422 42 124
285 0 1145 639 82 159
285 0 241 501 43 138
286 0 1138 640 88 160
286 0 776 423 40 126
286 0 240 500 43 137
287 0 240 499 43 138
287 0 772 422 36 123
287 0 1131 639 92 162
288 0 764 424 40 120
288 0 239 497 43 135
288 0 1118 636 100 164
289 0 760 425 40 118
289 0 238 494 43 136
289 0 1113 636 100 166
290 0 756 424 42 118
290 0 236 491 41 137
290 0 1107 636 102 166
291 0 750 425 52 119
291 0 235 490 41 139
291 0 1101 635 102 168
292 0 746 426 58 117
292 0 235 490 43 139
292 0 1096 634 100 172
293 0 235 490 42 141
293 0 742 425 64 117
293 0 1087 632 96 174
294 0 235 490 42 141
294 0 742 425 65 117
294 0 1088 632 96 174
295 0 741 423 67 119
295 0 235 490 43 140
295 0 1081 629 88 178
296 0 233 489 42 138
296 0 739 423 66 117
296 0 1078 628 84 181
297 0 736 423 59 119
297 0 231 487 43 137
297 0 1072 625 76 186
298 0 231 487 42 138
298 0 733 422 54 118
298 0 1069 624 74 188
299 0 230 486 43 137
299 0 731 422 47 119
299 0 1063 623 76 190
300 0 724 420 36 120
300 0 228 483 42 133
300 0 1046 623 94 194
301 0 720 420 36 120
301 0 227 482 42 132
301 0 1039 622 98 195
302 0 717 419 38 121
302 0 1034 622 98 196
302 0 226 481 42 130
303 0 712 419 41 122
303 0 1029 622 98 194
303 0 225 481 42 131
304 0 710 422 42 119
304 0 224 480 42 129
304 0 1028 621 99 194
305 0 700 420 54 120
305 0 223 477 42 126
305 0 1026 621 100 198
306 0 700 420 54 120
306 0 223 477 42 126
306 0 1027 621 101 198
307 0 697 421 61 118
307 0 221 477 41 127
307 0 1019 617 91 202
308 0 696 423 64 115
308 0 1015 615 80 202
308 0 220 477 41 127
309 0 693 422 61 117
309 0 219 475 42 129
309 0 1007 610 65 203
310 0 693 420 58 115
310 0 218 474 42 128
310 0 1001 610 71 206
311 0 689 419 56 119
311 0 217 471 40 129
311 0 994 609 77 206
312 0 682 417 44 120
312 0 215 470 40 128
312 0 982 608 85 208
313 0 678 421 41 110
313 0 215 470 39 127
313 0 978 608 88 208
314 0 675 419 38 110
314 0 215 468 39 127
314 0 972 608 91 208
315 0 672 419 40 116
315 0 214 468 40 127
315 0 968 608 92 207
316 0 670 420 40 112
316 0 214 467 40 126
316 0 964 607 92 206
317 0 662 423 45 109
317 0 214 468 39 128
317 0 957 606 94 210
318 0 662 423 45 109
318 0 214 468 39 128
318 0 957 606 94 209
319 0 650 422 60 108
319 0 212 468 39 128
319 0 951 601 88 210
320 0 649 416 66 123
320 0 212 468 38 128
320 0 947 594 80 201
321 0 211 465 38 127
321 0 648 416 68 121
321 0 943 586 74 191
322 0 211 464 38 129
322 0 647 415 68 122
322 0 940 586 72 194
323 0 210 462 37 127
323 0 646 416 64 120
323 0 939 583 70 193
324 0 643 415 58 120
324 0 209 460 38 124
324 0 932 581 69 194
325 0 640 414 52 119
325 0 209 458 39 124
325 0 927 580 74 194
326 0 637 414 47 119
326 0 208 458 39 124
326 0 921 580 81 194
327 0 633 414 40 119
327 0 208 458 39 125
327 0 915 580 86 196
328 0 630 413 35 117
328 0 207 456 38 124
328 0 911 580 86 196
329 0 622 413 37 119
329 0 205 457 39 125
329 0 906 580 85 195
330 0 622 414 37 118
330 0 205 457 39 125
330 0 906 580 84 195
331 0 616 419 42 106
331 0 205 455 38 125
331 0 902 576 83 194
332 0 611 418 46 108
332 0 205 457 37 125
332 0 899 574 79 195
333 0 607 420 54 104
333 0 203 454 38 121
333 0 895 566 68 184
334 0 606 420 56 105
334 0 203 452 38 119
334 0 892 562 65 184
335 0 605 419 56 107
335 0 203 451 38 120
335 0 888 561 64 182
336 0 602 415 53 110
336 0 202 449 39 120
336 0 881 558 73 187
337 0 599 417 50 108
337 0 202 448 39 120
337 0 877 558 74 188
338 0 596 416 48 107
338 0 202 447 38 118
338 0 873 558 79 187
339 0 592 411 41 114
339 0 202 446 38 119
339 0 871 557 80 186
340 0 590 410 37 117
340 0 202 447 39 120
340 0 868 557 80 186
341 0 587 410 31 117
341 0 202 446 39 119
341 0 864 557 80 187
342 0 587 410 31 117
342 0 202 447 39 118
342 0 864 557 80 187
343 0 585 413 26 111
343 0 202 447 39 118
343 0 860 554 76 186
344 0 584 413 24 110
344 0 202 446 39 118
344 0 858 553 76 186
345 0 582 416 20 103
345 0 201 444 39 116
345 0 857 546 74 178
346 0 562 417 58 102
346 0 202 443 40 117
346 0 856 541 72 171
347 0 561 416 62 104
347 0 201 442 39 115
347 0 856 537 70 170
348 0 561 420 62 91
348 0 200 439 37 115
348 0 854 533 65 169
349 0 200 439 36 114
349 0 854 532 64 167
350 0 199 439 36 114
350 0 853 532 62 168
351 0 549 408 34 116
351 0 198 439 36 114
351 0 851 532 62 168
352 0 546 407 28 115
352 0 198 439 37 114
352 0 848 531 66 166
353 0 545 407 34 117
353 0 196 438 36 114
353 0 841 529 70 163
354 0 545 407 34 116
354 0 196 439 36 113
354 0 841 529 70 164
355 0 540 407 35 115
355 0 195 436 38 115
355 0 837 532 66 171
356 0 195 435 38 114
356 0 537 406 38 116
356 0 836 532 64 172
357 0 192 433 37 114
357 0 532 406 42 116
357 0 835 525 58 164
358 0 834 522 60 160
358 0 530 406 44 116
358 0 192 432 36 115
359 0 191 431 36 114
359 0 528 406 45 116
359 0 828 519 56 159
360 0 523 407 51 117
360 0 190 429 36 115
360 0 823 518 58 159
361 0 190 429 35 115
361 0 523 406 53 116
361 0 820 517 60 160
362 0 189 429 36 115
362 0 522 407 55 115
362 0 817 517 62 162
363 0 189 429 35 115
363 0 521 407 54 115
363 0 816 516 64 163
364 0 188 429 36 115
364 0 520 406 53 116
364 0 813 516 66 164
365 0 514 403 46 113
365 0 186 429 35 114
365 0 808 515 64 163
366 0 514 403 46 113
366 0 186 429 35 114
366 0 808 514 65 164
367 0 507 403 38 114
367 0 185 426 36 112
367 0 804 513 68 164
368 0 505 403 37 113
368 0 185 426 35 113
368 0 801 511 66 162
369 0 498 412 37 96
369 0 183 424 34 108
369 0 800 504 64 152
370 0 497 413 38 94
370 0 183 423 34 109
370 0 797 503 62 154
371 0 494 410 40 97
371 0 182 423 34 110
371 0 796 502 60 152
372 2 315 255 65 43
372 0 490 413 41 93
372 0 181 423 34 109
372 0 793 499 58 150
373 2 315 255 65 43
373 0 490 413 42 93
373 0 180 423 34 107
373 0 792 499 56 154
374 2 315 255 65 43
374 0 491 415 40 90
374 0 180 423 33 105
374 0 790 498 56 156
375 0 491 413 40 89
375 0 179 423 33 106
375 0 790 497 56 155
376 0 491 414 38 88
376 0 178 423 35 107
376 0 788 496 55 156
377 2 315 255 65 43
377 0 176 422 36 106
377 0 784 497 56 157
378 0 176 423 37 107
378 0 783 496 56 156
379 0 174 420 36 102
379 0 778 496 60 156
380 0 174 419 35 103
380 0 777 497 57 155
381 0 171 417 35 105
381 0 775 496 52 155
382 0 171 416 34 105
382 0 773 494 50 156
383 0 170 416 33 104
383 0 771 493 50 154
384 0 170 416 33 105
384 0 764 487 49 149
385 0 168 416 32 103
385 0 762 485 50 148
386 0 167 415 32 102
386 0 759 484 53 148
387 0 166 416 32 103
387 0 757 483 54 148
388 0 165 416 33 104
388 0 754 483 57 149
389 0 162 413 33 103
389 0 751 483 57 150
390 0 162 413 33 104
390 0 751 483 57 150
391 0 160 411 36 102
391 0 746 482 58 148
392 0 159 411 36 102
392 0 744 481 60 147
393 0 157 410 38 101
393 0 741 478 58 145
394 0 156 409 39 103
394 0 739 478 58 145
395 0 156 409 40 101
395 0 737 476 58 144
396 0 417 393 30 109
396 0 154 409 40 103
396 0 734 471 54 139
397 0 416 394 32 112
397 0 152 409 39 103
397 0 732 470 53 140
398 0 414 394 36 110
398 0 151 408 39 104
398 0 732 468 52 139
399 0 151 407 40 106
399 0 409 394 44 112
399 0 731 470 50 144
400 0 407 394 51 109
400 0 151 407 41 104
400 0 729 468 49 141
401 0 403 394 55 109
401 0 149 404 39 103
401 0 727 467 48 142
402 0 403 394 54 109
402 0 149 404 39 104
402 0 727 467 48 142
403 0 146 404 36 100
403 0 402 395 55 110
403 0 719 468 54 145
404 0 402 394 56 111
404 0 144 404 35 100
404 0 717 467 57 144
405 0 401 394 54 112
405 0 141 403 33 100
405 0 716 466 52 140
406 0 399 394 50 109
406 0 139 403 33 99
406 0 714 467 51 142
407 0 397 394 47 108
407 0 138 402 32 100
407 0 713 467 49 143
408 0 391 392 42 110
408 0 138 402 33 98
408 0 709 464 47 144
409 0 137 401 32 99
409 0 388 393 37 110
409 0 707 462 45 142
410 0 385 391 34 109
410 0 136 402 34 98
410 0 703 459 46 138
411 0 134 401 31 98
411 0 381 393 32 111
411 0 698 457 48 139
412 0 132 400 32 96
412 0 379 393 34 111
412 0 695 455 52 137
413 0 131 398 33 95
413 0 375 393 39 111
413 0 693 456 54 140
414 0 131 398 33 96
414 0 375 393 39 111
414 0 693 456 54 140
415 0 128 398 36 97
415 0 370 393 48 111
415 0 686 455 56 142
416 0 126 397 37 98
416 0 368 393 49 110
416 0 684 455 56 141
417 0 125 397 38 97
417 0 367 393 50 110
417 0 682 455 57 139
418 0 124 397 37 97
418 0 366 392 48 110
418 0 681 454 57 138
419 0 124 397 38 98
419 0 365 391 45 110
419 0 679 455 56 139
420 0 122 397 39 97
420 0 359 391 38 110
420 0 677 451 54 135
421 0 356 390 36 108
421 0 122 397 40 97
421 0 675 450 54 134
422 0 352 390 35 109
422 0 121 396 41 97
422 0 674 448 52 133
423 0 347 389 36 110
423 0 116 394 39 96
423 0 672 447 49 134
424 0 344 389 36 110
424 0 115 393 36 97
424 0 671 446 48 135
425 0 342 388 38 109
425 0 113 392 36 96
425 0 670 445 48 135
426 0 342 388 36 109
426 0 113 393 36 95
426 0 670 446 46 136
427 0 109 391 29 98
427 0 330 390 53 110
427 0 665 445 46 133
428 0 107 391 30 99
428 0 328 390 55 110
428 0 662 445 50 133
429 0 106 390 30 100
429 0 328 390 55 111
429 0 659 445 51 132
430 0 105 390 30 99
430 0 328 390 55 110
430 0 658 445 48 131
431 0 104 390 31 98
431 0 328 390 56 111
431 0 658 445 47 131
432 0 102 390 31 97
432 0 328 390 53 111
432 0 656 443 45 130
433 0 101 389 31 98
433 0 326 389 52 110
433 0 654 442 44 131
434 0 100 389 32 96
434 0 325 389 49 112
434 0 653 441 42 131
435 0 97 387 34 94
435 0 319 387 43 109
435 0 647 438 42 131
436 0 96 387 33 94
436 0 315 387 43 108
436 0 645 437 42 130
437 0 94 387 35 93
437 0 311 387 38 109
437 0 642 436 45 131
438 0 94 387 35 93
438 0 311 387 38 109
438 0 642 436 45 130
439 0 92 385 34 93
439 0 303 387 38 109
439 0 637 436 50 131
440 0 90 385 36 94
440 0 300 387 40 108
440 0 635 433 50 131
441 0 89 384 34 95
441 0 298 386 42 110
441 0 633 434 50 128
442 0 86 384 40 93
442 0 296 387 44 109
442 0 632 433 51 126
443 0 86 385 39 94
443 0 630 432 52 123
443 0 293 387 46 109
444 0 85 385 38 93
444 0 627 431 50 122
444 0 291 387 52 108
445 0 83 385 40 92
445 0 290 387 52 106
445 0 626 429 50 121
446 0 288 387 51 106
446 0 625 429 50 122
446 0 82 384 40 91
447 0 79 382 35 89
447 0 283 384 48 108
447 0 623 430 48 128
448 0 280 384 44 107
448 0 77 382 32 88
448 0 623 429 46 128
449 0 277 384 38 104
449 0 76 382 31 88
449 0 622 428 44 128
450 0 277 384 38 105
450 0 75 382 30 88
450 0 622 428 44 127
451 0 273 384 36 107
451 0 73 381 26 87
451 0 618 426 41 124
452 0 72 381 29 88
452 0 271 384 35 108
452 0 617 425 41 126
453 0 71 381 29 87
453 0 270 384 36 107
453 0 614 424 40 122
454 0 70 382 28 88
454 0 267 382 38 108
454 0 612 425 44 121
455 0 68 381 31 89
455 0 610 425 44 122
455 0 265 383 42 106
456 0 67 379 33 90
456 0 608 427 43 118
456 0 260 383 50 106
457 0 66 378 32 89
457 0 607 429 42 114
457 0 260 383 51 106
458 0 65 377 34 90
458 0 607 429 42 114
458 0 259 382 52 107
459 0 62 374 35 88
459 0 603 426 40 115
459 0 258 382 54 107
460 0 61 374 34 88
460 0 259 383 51 106
460 0 602 425 39 112
461 0 60 374 34 88
461 0 259 382 53 107
461 0 600 423 39 114
462 0 58 374 33 88
462 0 259 383 53 106
462 0 600 423 39 114
463 0 57 374 35 89
463 0 247 381 38 105
463 0 593 418 43 118
464 0 55 375 34 90
464 0 244 381 36 107
464 0 592 419 44 119
465 0 55 375 34 90
465 0 242 380 35 106
465 0 591 417 42 119
466 0 100 308 20 53
466 0 240 380 35 108
466 0 53 375 35 90
466 0 590 418 39 120
467 0 101 306 22 52
467 0 239 380 37 106
467 0 52 374 38 91
467 0 590 417 36 122
468 0 102 307 21 52
468 0 51 373 39 94
468 0 235 380 35 104
468 0 590 416 33 123
469 0 234 379 35 106
469 0 49 371 38 93
469 0 588 416 32 122
470 0 48 371 37 91
470 0 231 379 38 106
470 0 587 416 30 121
471 0 46 370 36 92
471 0 586 416 28 119
471 0 229 378 40 105
472 0 46 370 35 92
472 0 228 378 40 105
472 0 585 413 26 117
473 0 46 368 35 92
473 0 584 413 24 118
473 0 226 378 37 106
474 0 46 368 35 91
474 0 583 413 25 118
474 0 225 378 37 106
475 0 581 413 22 111
475 0 46 368 36 91
475 0 221 375 33 105
476 2 315 255 65 43
476 0 43 367 33 88
476 0 218 375 35 103
477 2 315 255 65 43
477 0 42 367 33 88
477 0 215 374 36 104
478 0 43 365 34 85
478 0 215 374 37 104
479 0 43 366 37 86
479 0 214 374 36 105
480 0 42 368 35 87
480 0 210 373 36 106
481 0 38 368 28 82
481 0 208 373 37 106
482 0 37 368 28 83
482 0 206 373 37 106
483 0 35 368 27 81
483 0 204 372 39 104
484 0 34 368 26 79
484 0 203 372 38 104
485 0 548 406 21 107
485 0 33 367 27 82
485 0 201 372 39 104
486 0 547 406 22 105
486 0 33 368 27 81
486 0 201 372 39 104
487 0 32 367 27 80
487 0 544 405 28 110
487 0 199 371 43 106
488 0 141 298 21 33
488 0 32 367 26 79
488 0 543 403 29 115
488 0 196 371 41 105
489 0 144 300 19 35
489 0 32 367 25 78
489 0 543 402 30 116
489 0 195 371 39 105
490 0 32 366 22 80
490 0 144 299 20 38
490 0 541 403 32 115
490 0 194 369 38 103
491 0 31 367 22 81
491 0 540 403 34 113
491 0 192 369 36 102
492 0 149 297 21 34
492 0 540 403 40 112
492 0 188 368 33 101
493 2 314 255 66 42
493 0 149 298 21 36
493 0 540 403 43 112
493 0 185 368 35 100
494 2 314 255 66 42
494 0 151 297 19 34
494 0 539 403 42 111
494 0 184 368 36 101
495 2 314 255 66 42
495 0 153 298 20 33
495 0 538 403 44 110
495 0 180 368 37 104
496 2 314 255 66 42
496 0 536 402 44 108
496 0 180 368 39 103
497 0 535 400 43 107
497 0 179 368 39 101
498 0 536 400 44 104
498 0 179 367 39 105
499 0 533 394 40 107
499 0 175 368 37 101
500 0 532 396 40 107
500 0 175 368 37 101
501 0 173 367 36 102
501 0 532 397 40 105
502 0 171 367 34 102
502 0 532 397 39 102
503 0 170 366 34 100
503 0 530 396 37 104
504 0 528 393 36 108
504 0 166 366 35 100
505 0 527 391 38 111
505 0 166 365 36 103
506 0 164 363 36 102
506 0 525 393 37 106
507 0 525 393 34 107
507 0 162 364 36 102
508 0 161 365 37 101
508 0 523 392 34 108
509 0 159 363 35 100
509 0 522 391 34 109
510 0 177 294 18 28
510 0 159 363 36 100
510 0 521 391 34 109
511 0 181 297 20 31
511 0 156 362 39 103
511 0 517 387 34 107
512 0 182 298 19 33
512 0 154 362 39 103
512 0 515 386 34 108
513 0 182 297 21 32
513 0 154 362 39 103
513 0 515 386 35 108
514 0 185 297 21 34
514 0 154 362 40 103
514 0 514 386 36 108
515 0 188 298 19 37
515 0 153 361 42 105
515 0 512 385 38 111
516 0 190 298 18 37
516 0 149 359 43 107
516 0 510 386 39 108
517 0 192 298 18 36
517 0 149 359 41 105
517 0 510 386 39 108
518 0 193 297 18 34
518 0 146 358 39 104
518 0 510 385 40 107
519 0 196 298 18 37
519 0 142 359 33 103
519 0 509 385 38 104
520 0 198 300 20 40
520 0 141 358 35 101
520 0 510 385 35 107
521 0 199 300 20 39
521 0 139 358 37 103
521 0 508 385 36 106
522 0 199 300 20 38
522 0 138 358 36 100
522 0 508 385 36 106
523 0 204 301 19 42
523 0 506 382 36 104
523 0 134 358 38 100
524 0 205 301 18 41
524 0 132 358 39 100
524 0 505 381 35 103
525 0 206 302 19 42
525 0 132 358 39 99
525 0 504 380 36 104
526 0 208 303 18 43
526 0 131 358 39 99
526 0 503 378 34 105
527 0 209 302 18 44
527 0 131 357 37 102
527 0 503 378 34 105
528 0 213 303 20 46
528 0 128 357 36 98
528 0 501 378 34 103
529 0 214 301 20 45
529 0 127 356 34 100
529 0 501 377 34 102
530 0 216 305 20 50
530 0 126 356 35 96
530 0 500 377 33 102
531 0 220 305 21 50
531 0 124 354 33 99
531 0 499 377 32 100
532 0 221 306 21 51
532 0 123 354 34 98
532 0 498 378 31 100
533 0 224 306 21 52
533 0 498 378 31 100
533 0 122 354 34 98
534 0 224 306 22 52
534 0 498 378 31 100
534 0 122 354 34 98
535 0 230 306 29 54
535 0 495 376 33 102
535 0 119 353 33 97
536 0 231 306 27 53
536 0 495 375 34 102
536 0 119 354 33 96
537 0 231 306 25 54
537 0 494 374 32 102
537 0 117 353 34 95
538 0 232 306 25 54
538 0 492 372 33 103
538 0 116 354 35 96
539 0 233 306 24 54
539 0 492 372 33 104
539 0 116 354 35 96
540 0 235 306 22 55
540 0 114 357 35 90
540 0 490 371 32 102
541 0 235 306 21 54
541 0 489 371 34 105
541 0 112 354 35 93
542 0 238 306 20 54
542 0 488 372 33 104
542 0 112 353 36 95
543 0 241 306 20 55
543 0 487 372 34 104
543 0 109 353 37 95
544 0 242 306 20 55
544 0 487 372 34 102
544 0 108 352 36 96
545 0 244 306 20 55
545 0 487 372 33 102
545 0 106 351 36 94
546 0 244 306 20 55
546 0 487 372 33 102
546 0 106 351 35 93
547 0 485 371 33 102
547 0 250 307 25 54
547 0 101 351 35 94
548 0 250 307 26 54
548 0 483 371 33 101
548 0 101 351 38 95
549 0 99 351 37 93
549 0 483 369 33 99
549 0 250 307 25 54
550 0 483 369 34 98
550 0 98 351 38 94
550 0 251 306 24 55
551 0 482 368 32 99
551 0 97 350 38 94
551 0 252 306 23 55
552 0 255 306 21 55
552 0 481 367 34 97
552 0 94 351 35 92
553 0 256 306 21 55
553 0 481 366 34 96
553 0 94 351 37 93
554 0 259 306 21 55
554 0 481 367 34 97
554 0 92 351 37 91
555 0 261 306 21 55
555 0 480 367 32 96
555 0 91 350 34 92
556 2 314 255 66 42
556 0 480 367 32 94
556 0 262 306 20 55
556 0 89 349 34 92
557 0 478 367 31 94
557 0 264 306 21 55
557 0 89 348 32 93
558 2 315 255 66 43
558 0 478 367 31 94
558 0 89 348 32 93
558 0 264 306 21 55
559 0 476 366 30 94
559 2 315 255 66 43
559 0 88 346 32 93
559 0 271 306 30 55
560 0 475 365 31 95
560 0 272 305 31 54
560 0 86 345 33 94
561 0 474 365 30 94
561 0 273 306 30 53
561 0 86 345 32 94
562 0 473 365 30 95
562 0 274 306 30 52
562 0 84 345 34 94
563 0 472 363 31 94
563 0 274 306 28 53
563 0 83 345 34 94
564 0 470 361 33 91
564 0 81 346 33 92
564 0 276 305 24 54
565 0 470 336 33 44
565 0 277 305 22 54
565 0 80 345 34 92
566 0 468 336 33 44
566 0 279 305 21 53
566 0 79 345 33 94
567 0 466 337 36 45
567 0 280 305 20 54
567 0 78 345 36 91
568 0 465 337 38 45
568 0 281 306 20 55
568 0 77 345 37 90
569 0 464 336 38 44
569 0 282 305 21 54
569 0 76 345 37 90
570 0 464 337 38 45
570 0 282 305 21 54
570 0 76 345 37 90
571 0 463 337 38 45
571 0 287 306 22 53
571 0 73 345 40 89
572 0 462 337 37 45
572 0 289 305 24 52
572 0 72 345 41 88
573 0 462 337 37 45
573 0 70 344 38 88
573 0 291 306 27 53
574 0 462 337 36 45
574 0 68 344 38 86
574 0 292 306 24 53
575 0 462 336 36 46
575 0 67 344 38 86
575 0 292 306 25 52
576 0 462 335 36 48
576 0 63 343 38 85
576 0 294 306 24 52
577 0 461 334 34 48
577 0 62 343 37 86
577 0 295 305 21 52
578 0 461 334 34 48
578 0 60 342 36 88
578 0 296 305 19 52
579 0 460 334 32 48
579 0 58 343 35 89
579 0 300 303 19 50
580 0 460 333 32 49
580 0 58 340 37 91
580 0 301 303 18 50
581 0 460 333 31 48
581 0 57 340 36 91
581 0 302 304 20 52
582 0 460 334 31 48
582 0 57 339 36 94
582 0 302 304 20 52
583 0 458 334 30 48
583 0 54 339 36 94
583 0 305 305 21 53
584 0 458 334 31 46
584 0 307 304 22 52
585 0 457 335 30 47
585 0 309 304 22 52
586 0 455 334 31 46
586 0 312 304 29 52
587 0 455 333 31 46
587 0 311 303 27 51
588 0 452 334 32 48
588 0 314 304 26 52
589 0 452 333 32 49
589 0 315 304 24 52
590 0 46 338 32 72
590 0 452 333 33 50
590 0 316 304 21 52
591 0 44 342 33 80
591 0 450 333 35 52
591 0 320 303 21 54
592 0 44 341 32 80
592 0 448 332 36 53
592 0 321 303 18 55
593 0 43 342 32 78
593 0 447 332 36 52
593 0 322 303 19 54
594 0 43 342 32 78
594 0 447 332 36 53
594 0 321 303 18 54
595 0 40 342 32 78
595 0 324 303 18 54
595 0 445 332 38 53
596 0 39 342 30 76
596 0 444 333 38 52
596 0 325 303 19 54
597 0 38 343 32 77
597 0 443 333 38 52
597 0 327 303 20 54
598 0 38 340 33 81
598 0 443 333 38 52
598 0 328 303 20 54
599 0 37 342 33 80
599 0 443 333 38 52
599 0 328 303 20 53
600 0 35 340 31 84
600 0 442 333 37 54
600 0 329 304 18 52
601 0 38 340 39 85
601 0 442 332 37 53
601 0 330 303 19 53
602 0 32 340 28 84
602 0 442 332 37 53
602 0 330 303 19 54
603 0 30 340 25 83
603 0 440 330 35 51
603 0 332 303 18 53
604 0 30 341 22 82
604 0 441 330 34 51
604 0 333 302 18 52
605 0 30 341 21 82
605 0 333 301 19 50
605 0 441 330 34 52
606 0 30 341 22 82
606 0 333 301 19 50
606 0 441 330 34 52
607 0 338 302 21 54
607 0 440 331 32 52
608 0 338 300 21 51
608 0 439 331 32 52
609 0 339 301 22 54
609 0 438 331 31 52
610 0 339 300 22 53
610 0 437 331 30 52
611 0 340 300 23 52
611 0 437 332 31 53
612 0 342 300 23 53
612 0 435 332 31 53
613 0 341 300 22 54
613 0 434 330 32 53
614 0 342 300 22 56
614 0 433 330 34 53
615 0 342 301 21 54
615 0 430 330 33 54
616 0 343 301 20 53
616 0 429 330 32 57
617 0 343 301 20 53
617 0 428 331 32 58
618 0 343 300 20 57
618 0 428 331 32 58
619 0 344 300 20 57
619 0 426 331 34 58
620 0 344 298 20 57
620 0 425 331 34 58
621 0 344 300 20 56
621 0 425 331 34 58
622 0 344 298 20 58
622 0 424 331 36 58
623 0 345 298 19 58
623 0 423 331 36 58
624 0 345 298 20 55
624 0 422 330 35 57
625 0 345 298 19 52
625 0 422 330 35 57
626 0 345 298 19 53
626 0 422 330 35 58
627 0 345 298 19 56
627 0 422 330 35 60
628 0 344 298 20 56
628 0 422 330 34 60
629 0 344 298 20 57
629 0 422 330 33 60
630 0 344 298 20 58
630 0 422 330 33 62
631 0 744 367 38 88
631 0 421 330 30 63
631 0 343 297 20 61
632 0 744 368 38 85
632 0 343 295 20 62
632 0 420 329 29 62
633 0 744 368 36 86
633 0 343 295 20 62
633 0 420 329 29 62
634 0 744 368 36 88
634 0 342 296 19 60
634 0 420 330 28 61
635 0 744 368 34 86
635 0 342 294 20 60
635 0 420 330 28 61
636 0 342 294 19 60
636 0 744 369 32 87
636 0 418 330 29 61
637 0 342 294 19 60
637 0 743 371 30 86
637 0 418 330 29 61
638 0 342 293 19 59
638 0 742 371 28 86
638 0 417 330 29 61
639 0 742 372 28 88
639 0 341 294 20 60
639 0 415 330 29 63
640 0 341 293 18 61
640 0 742 373 28 90
640 0 414 330 28 64
641 0 741 374 26 88
641 0 340 293 19 61
641 0 413 330 29 63
642 0 340 293 19 62
642 0 741 374 26 88
642 0 413 330 30 63
643 0 340 293 18 62
643 0 742 375 24 86
643 0 411 329 30 65
644 0 742 375 24 86
644 0 340 292 17 62
644 0 410 329 31 65
645 0 339 292 18 61
645 0 742 375 24 86
645 0 410 329 31 65
646 0 339 292 18 61
646 0 744 374 24 86
646 0 408 329 31 66
647 0 339 292 18 61
647 0 408 330 32 65
647 0 744 374 24 86
648 0 338 292 18 59
648 0 407 329 32 64
648 0 747 375 27 88
649 0 338 292 17 59
649 0 407 329 33 64
649 0 748 375 28 89
650 0 338 291 18 58
650 0 406 329 32 64
650 0 748 377 28 91
651 0 337 291 18 58
651 0 406 329 32 66
651 0 749 378 30 91
652 0 337 292 18 57
652 0 405 329 31 67
652 0 749 379 29 90
653 0 337 292 18 56
653 0 405 327 29 67
653 0 750 379 30 90
654 0 337 292 18 57
654 0 405 327 29 67
654 0 749 379 29 90
655 0 335 297 18 49
655 0 752 379 31 88
655 0 403 327 27 69
656 0 335 297 18 48
656 0 752 379 30 88
656 0 403 327 27 70
657 0 334 297 18 48
657 0 753 379 30 90
657 0 402 327 27 70
658 0 333 298 18 47
658 0 754 380 30 91
658 0 402 327 28 70
659 0 333 298 18 47
659 0 754 380 30 94
659 0 402 327 28 70
660 0 332 297 19 46
660 0 754 381 31 94
660 0 400 329 27 71
661 0 332 297 19 46
661 0 753 381 34 93
661 0 400 329 27 71
662 0 332 297 18 42
662 0 753 384 34 95
662 0 398 329 27 70
663 0 332 295 19 43
663 0 397 329 27 72
663 0 753 385 36 95
664 0 332 296 19 44
664 0 753 385 38 93
664 0 397 329 27 71
665 0 332 296 19 44
665 0 754 385 36 93
665 0 396 328 28 72
666 0 332 295 19 47
666 0 396 328 28 72
666 0 754 386 36 94
667 0 331 296 18 46
667 0 758 386 33 94
667 0 393 327 28 76
668 0 331 296 18 46
668 0 760 387 32 93
668 0 392 327 29 75
669 0 331 296 18 46
669 0 762 387 32 93
669 0 392 327 29 75
670 0 330 295 17 45
670 0 764 386 29 94
670 0 391 327 30 76
671 0 330 295 18 46
671 0 390 326 32 76
671 0 766 387 28 96
672 0 330 295 18 48
672 0 769 388 28 91
672 0 388 327 31 76
673 0 330 295 17 47
673 0 388 327 32 76
673 0 771 391 29 95
674 0 330 294 17 46
674 0 388 327 32 75
674 0 771 391 30 94
675 0 329 294 18 44
675 0 388 327 31 74
675 0 772 391 31 92
676 0 328 293 17 45
676 0 388 327 31 76
676 0 774 391 32 94
677 0 328 293 17 46
677 0 388 328 31 76
677 0 774 391 31 94
678 0 328 294 17 46
678 0 387 327 30 76
678 0 774 391 32 94
679 0 387 327 29 78
679 0 327 294 17 46
679 0 778 393 31 97
680 0 326 293 18 48
680 0 387 327 29 78
680 0 777 393 30 98
681 0 325 293 18 50
681 0 386 327 28 78
681 0 778 394 31 99
682 0 325 292 18 52
682 0 386 327 28 78
682 0 777 395 34 100
683 0 325 290 19 55
683 0 385 327 29 78
683 0 777 396 34 100
684 0 324 290 20 53
684 0 385 327 28 78
684 0 778 398 36 100
685 0 323 291 19 54
685 0 385 327 27 77
685 0 778 399 37 100
686 0 323 291 19 54
686 0 385 327 27 77
686 0 779 399 36 98
687 0 323 291 18 54
687 0 383 326 27 76
687 0 780 400 38 99
688 0 322 291 19 54
688 0 382 326 27 76
688 0 782 400 36 98
689 0 322 290 20 53
689 0 382 326 28 76
689 0 784 401 36 98
690 0 322 290 19 53
690 0 382 326 28 76
690 0 784 400 36 99
691 0 322 290 19 53
691 0 790 401 28 98
691 0 382 325 27 76
692 0 322 291 19 54
692 0 793 401 30 99
692 0 380 324 28 76
693 0 322 290 19 53
693 0 794 402 31 98
693 0 380 324 29 75
694 0 322 290 19 53
694 0 796 403 31 99
694 0 379 323 28 74
695 0 322 290 19 53
695 0 796 403 32 98
695 0 378 322 28 75
696 0 321 290 18 52
696 0 799 406 34 100
696 0 378 322 29 75
697 0 321 290 18 51
697 0 799 406 37 100
697 0 377 322 28 75
698 0 321 290 18 51
698 0 377 322 28 75
698 0 801 406 38 100
699 0 321 290 18 51
699 0 376 322 28 73
699 0 804 407 36 101
700 0 320 290 19 50
700 0 376 323 28 74
700 0 805 407 38 101
701 0 321 290 18 50
701 0 375 323 27 74
701 0 807 407 39 101
702 0 320 290 19 50
702 0 375 323 27 74
702 0 807 407 39 101
703 0 319 290 18 49
703 0 806 409 40 103
703 0 375 322 26 73
704 0 319 290 18 48
704 0 375 322 27 73
704 0 805 412 42 108
705 0 319 290 19 48
705 0 375 321 27 74
705 0 804 413 44 105
706 0 318 290 18 48
706 0 374 321 26 73
706 0 804 413 44 103
707 0 318 290 19 48
707 0 374 321 26 73
707 0 804 413 44 103
708 0 317 290 18 49
708 0 373 319 26 73
708 0 803 414 45 103
709 0 316 289 19 50
709 0 373 319 26 73
709 0 804 415 44 102
710 0 316 289 19 50
710 0 373 319 26 73
710 0 806 416 44 104
711 0 316 289 18 50
711 0 373 320 26 72
711 0 810 416 38 106
712 0 315 289 18 50
712 0 372 320 25 72
712 0 812 416 37 104
713 0 315 288 18 49
713 0 372 320 25 72
713 0 814 416 35 107
714 0 315 288 18 49
714 0 372 320 25 72
714 0 814 416 35 107
715 0 315 288 18 48
715 0 820 417 32 107
715 0 371 319 26 73
716 0 315 288 17 48
716 0 371 319 26 72
716 0 821 418 31 106
717 0 315 288 18 49
717 0 370 318 26 72
717 0 822 419 32 105
718 0 315 289 17 48
718 0 370 318 27 72
718 0 823 420 32 104
719 0 315 289 18 48
719 0 369 317 28 73
719 0 824 420 32 103
720 0 315 288 17 47
720 0 368 317 28 73
720 0 825 422 34 102
721 0 315 288 17 47
721 0 368 317 29 74
721 0 826 423 34 103
722 0 315 288 17 48
722 0 367 317 29 72
722 0 827 423 34 103
723 0 315 288 17 48
723 0 366 317 28 73
723 0 828 423 31 106
724 0 315 288 18 48
724 0 365 317 29 72
724 0 829 425 32 107
725 0 315 288 17 48
725 0 365 317 30 71
725 0 829 426 34 109
726 0 315 288 18 48
726 0 365 317 30 71
726 0 829 425 34 110
727 0 315 288 17 48
727 0 365 318 29 72
727 0 828 428 45 116
728 0 315 288 17 48
728 0 365 317 28 71
728 0 828 429 48 113
729 0 314 288 16 48
729 0 365 317 28 71
729 0 829 431 50 114
730 0 314 288 16 48
730 0 365 316 28 71
730 0 829 432 50 114
731 0 314 287 16 49
731 0 365 316 28 72
731 0 830 432 52 115
732 0 314 287 17 48
732 0 365 315 26 72
732 0 831 433 54 114
733 0 314 287 17 48
733 0 365 315 28 72
733 0 833 433 52 114
734 0 314 287 17 48
734 0 365 314 28 71
734 0 835 433 50 114
735 0 314 287 17 48
735 0 365 314 27 71
735 0 838 433 45 114
736 0 314 287 17 48
736 0 365 314 27 71
736 0 842 433 41 114
737 0 314 287 17 48
737 0 364 315 28 72
737 0 844 434 38 112
738 0 314 287 17 47
738 0 364 315 28 72
738 0 844 434 37 112
739 0 314 287 17 48
739 0 363 315 28 70
739 0 849 436 36 111
740 0 313 286 16 48
740 0 362 315 29 70
740 0 850 438 36 112
741 0 313 287 16 47
741 0 362 314 29 69
741 0 851 438 38 113
742 0 313 287 16 47
742 0 362 314 29 68
742 0 852 438 39 112
743 0 313 287 16 47
743 0 362 314 28 67
743 0 854 439 40 112
744 0 313 286 16 46
744 0 361 313 30 69
744 0 856 441 40 114
745 0 314 285 16 47
745 0 361 312 30 70
745 0 858 439 40 114
746 0 314 285 17 47
746 0 360 311 29 68
746 0 861 441 39 114
747 0 314 285 16 47
747 0 360 311 28 67
747 0 861 442 46 117
748 0 314 285 16 47
748 0 360 311 28 67
748 0 860 444 48 120
749 0 314 285 16 47
749 0 360 311 28 67
749 0 861 443 50 117
750 0 314 285 16 47
750 0 360 311 28 67
750 0 861 443 50 117
751 0 315 285 17 46
751 0 359 312 26 66
751 0 863 448 58 116
752 0 315 285 17 46
752 0 359 312 26 66
752 0 863 447 58 114
753 0 315 285 17 46
753 0 359 312 26 66
753 0 864 447 59 114
754 0 314 285 16 46
754 0 360 311 27 67
754 0 866 448 59 113
755 0 314 285 16 46
755 0 360 311 27 68
755 0 867 449 58 114
756 0 314 285 18 47
756 0 359 310 28 68
756 0 872 452 52 121
757 0 314 285 18 47
757 0 359 309 28 69
757 0 875 451 50 122
758 0 314 284 18 46
758 0 359 308 28 67
758 0 878 451 48 122
759 0 314 284 17 46
759 0 358 308 27 67
759 0 884 452 42 120
760 0 313 284 18 46
760 0 358 308 27 67
760 0 886 453 40 122
