1280 720 30.0
1 269 637 719 489 26 22 1
1 269 638 718 488 26 22 1
1 269 639 718 488 26 22 1
1 269 640 718 488 26 22 1
1 269 641 718 488 26 22 1
1 269 642 718 488 26 22 1
1 269 643 718 488 26 22 1
1 269 644 718 488 26 22 1
1 269 645 717 488 27 22 1
1 269 646 717 488 26 22 1
1 269 647 717 488 26 22 1
1 269 648 717 488 26 22 1
1 269 649 717 488 26 22 1
1 269 650 717 488 26 22 1
1 269 651 717 488 26 22 1
1 269 652 716 488 27 22 1
1 269 653 716 488 27 22 1
1 269 654 716 488 27 22 1
1 269 655 716 488 26 22 1
1 269 656 716 488 26 22 1
1 269 657 716 487 26 23 1
1 269 658 716 487 26 23 1
1 269 659 716 487 26 23 1
1 269 660 715 487 27 23 1
1 269 661 715 487 27 23 1
1 269 662 715 487 27 23 1
1 269 663 715 487 27 23 1
1 269 664 715 487 26 23 1
1 269 665 715 487 26 23 1
1 269 666 715 487 26 23 1
1 269 667 714 487 27 23 1
1 269 668 714 487 27 23 1
1 269 669 714 487 27 23 1
1 269 670 714 487 27 23 1
1 269 671 714 487 27 23 1
1 269 672 714 487 27 23 1
1 269 673 714 487 26 23 1
1 269 674 713 487 27 23 1
1 269 675 713 487 27 22 1
1 269 676 713 487 27 22 1
1 269 677 713 486 27 23 1
1 269 678 713 486 27 23 1
1 269 679 713 486 27 23 1
1 269 680 713 486 27 23 1
1 269 681 713 486 27 23 1
1 269 682 712 486 27 23 1
1 269 683 712 486 27 23 1
1 269 684 712 486 27 23 1
1 269 685 712 486 27 23 1
1 269 686 712 486 27 23 1
1 269 687 712 486 27 23 1
1 269 688 712 486 27 23 1
1 269 689 711 486 28 23 1
1 269 690 711 486 28 23 1
1 269 691 711 486 27 23 1
1 269 692 711 486 27 23 1
1 269 693 711 486 27 23 1
1 269 694 711 486 27 23 1
1 269 695 711 486 27 23 1
1 269 696 710 485 28 24 1
1 269 697 710 485 28 24 1
1 269 698 710 485 28 24 1
1 269 699 710 485 28 24 1
1 269 700 710 485 27 24 1
1 269 701 710 485 27 24 1
1 269 702 710 485 27 24 1
1 269 703 710 485 27 24 1
1 269 704 709 485 28 24 1
1 269 705 709 485 28 24 1
1 269 706 709 485 28 24 1
1 269 707 709 485 28 24 1
1 269 708 709 485 28 24 1
1 269 709 709 485 27 24 1
1 269 710 709 485 27 24 1
1 269 711 708 485 28 24 1
1 269 712 708 485 28 24 1
1 269 713 708 485 28 24 1
1 269 714 708 485 28 23 1
1 269 715 708 485 28 23 1
1 269 716 708 484 28 24 1
1 269 717 708 484 28 24 1
1 269 718 707 484 28 24 1
1 269 719 707 484 28 24 1
1 269 720 707 484 28 24 1
1 269 721 707 484 28 24 1
1 269 722 707 484 28 24 1
1 269 723 707 484 28 24 1
1 269 724 707 484 28 24 1
1 269 725 707 484 28 24 1
1 269 726 706 484 29 24 1
1 269 727 706 484 28 24 1
1 269 728 706 484 28 24 1
1 269 729 706 484 28 24 1
1 269 730 706 484 28 24 1
1 269 731 706 484 28 24 1
1 269 732 706 484 28 24 1
1 269 733 705 484 29 24 1
1 269 734 705 484 29 24 1
1 269 735 705 483 29 25 1
1 269 736 705 483 28 25 1
1 269 737 705 483 28 25 1
1 269 738 705 483 28 25 1
1 269 739 705 483 28 25 1
1 269 740 704 483 29 25 1
1 269 741 704 483 29 25 1
1 269 742 704 483 29 25 1
1 269 743 704 483 29 25 1
1 269 744 704 483 29 25 1
1 269 745 704 483 28 25 1
1 269 746 704 483 28 25 1
1 269 747 703 483 29 25 1
1 269 748 703 483 29 25 1
1 269 749 703 483 29 25 1
1 269 750 703 483 29 25 1
1 269 751 703 483 29 25 1
1 269 752 703 483 29 25 1
1 269 753 703 483 29 24 1
1 269 754 703 482 29 25 1
1 269 755 703 483 29 25 1
1 269 756 702 483 29 25 1
1 269 757 702 483 29 25 1
1 269 758 702 483 29 25 1
1 269 759 702 483 29 25 1
1 269 760 702 483 29 25 1
1 269 761 701 483 29 25 1
1 269 762 701 483 29 25 1
1 269 763 701 483 29 25 1
1 269 764 701 483 29 25 1
1 269 765 701 483 29 25 1
1 269 766 701 483 29 25 1
1 269 767 700 483 29 25 1
1 269 768 700 483 29 25 1
1 269 769 700 483 29 25 1
1 269 770 700 483 29 25 1
1 269 771 700 483 29 25 1
1 269 772 699 483 29 25 1
1 269 773 699 483 29 25 1
1 269 774 699 483 29 25 1
1 269 775 699 483 29 25 1
1 269 776 699 483 29 25 1
1 269 777 699 483 29 25 1
1 269 778 698 483 29 25 1
1 269 779 698 483 29 25 1
1 269 780 698 483 29 25 1
1 269 781 698 483 29 25 1
1 269 782 698 483 29 25 1
1 269 783 697 483 29 25 1
1 269 784 697 483 29 25 1
1 269 785 697 483 29 25 1
1 269 786 697 483 29 25 1
1 269 787 697 483 29 25 1
1 269 788 697 483 29 25 1
1 269 789 696 483 29 25 1
1 269 790 696 483 29 25 1
1 269 791 696 483 29 25 1
1 269 792 696 483 29 25 1
1 269 793 696 483 29 25 1
1 269 794 695 483 29 25 1
1 269 795 695 483 29 25 1
1 269 796 695 483 29 25 1
1 269 797 695 483 29 25 1
1 269 798 695 483 29 25 1
1 269 799 695 483 29 25 1
1 269 800 694 483 29 25 1
1 269 801 694 483 29 25 1
1 269 802 694 483 29 25 1
1 269 803 694 483 29 25 1
1 269 804 694 483 29 25 1
1 269 805 693 483 29 25 1
1 269 806 693 483 29 25 1
1 269 807 693 483 29 25 1
1 269 808 693 483 29 25 1
1 269 809 693 483 29 25 1
1 269 810 693 483 29 25 1
1 269 811 692 483 29 25 1
1 269 812 692 483 29 25 1
1 269 813 692 483 29 25 1
1 269 814 692 483 29 25 1
1 269 815 692 483 29 25 1
1 269 816 691 483 29 25 1
1 269 817 691 483 29 25 1
1 269 818 691 483 29 25 1
1 269 819 691 483 29 25 1
1 269 820 691 483 29 25 1
1 269 821 691 483 29 25 1
1 269 822 690 483 29 25 1
1 269 823 690 483 29 25 1
1 269 824 690 483 29 25 1
1 269 825 690 483 29 25 1
1 269 826 690 483 29 25 1
1 269 827 689 483 29 25 1
1 269 828 689 483 29 25 1
1 269 829 689 483 29 25 1
1 269 830 689 483 29 25 1
1 269 831 689 483 29 25 1
1 269 832 689 483 29 25 1
1 269 833 689 483 29 25 1
1 269 834 689 483 29 25 1
1 269 835 689 483 29 25 1
1 269 836 689 483 29 25 1
1 269 837 688 482 29 25 1
1 269 838 688 482 29 25 1
1 269 839 688 482 29 25 1
1 269 840 687 482 29 25 1
1 269 841 687 482 29 25 1
1 269 842 687 482 29 25 1
1 269 843 686 482 29 25 1
1 269 844 686 482 29 25 1
1 269 845 686 482 29 25 1
1 269 846 685 481 29 25 1
1 269 847 685 481 29 25 1
1 269 848 685 481 29 25 1
1 269 849 684 481 29 25 1
1 269 850 684 481 29 25 1
1 269 851 684 481 29 25 1
1 269 852 684 481 29 25 1
1 269 853 683 481 29 25 1
1 269 854 683 481 29 25 1
1 269 855 683 480 29 25 1
1 269 856 682 480 29 25 1
1 269 857 682 480 29 25 1
1 269 858 682 480 29 25 1
1 269 859 681 480 29 25 1
1 269 860 681 480 29 25 1
1 269 861 681 480 29 25 1
1 269 862 680 480 29 25 1
1 269 863 680 480 29 25 1
1 269 864 680 479 29 25 1
1 269 865 679 479 29 25 1
1 269 866 679 479 29 25 1
1 269 867 679 479 29 25 1
1 269 868 679 479 29 25 1
1 269 869 678 479 29 25 1
1 269 870 678 479 29 25 1
1 269 871 678 479 29 25 1
1 269 872 677 479 29 25 1
1 269 873 677 478 29 25 1
1 269 874 677 478 29 25 1
1 269 875 676 478 29 25 1
1 269 876 676 478 29 25 1
1 269 877 676 478 29 25 1
1 269 878 675 478 29 25 1
1 269 879 675 478 29 25 1
1 269 880 675 478 29 25 1
1 269 881 675 478 29 25 1
1 269 882 676 478 29 25 1
1 269 883 677 479 29 24 1
1 269 884 679 480 28 23 1
1 269 885 680 480 29 23 1
1 269 886 681 481 29 22 1
1 269 887 682 481 29 22 1
1 269 888 681 481 29 21 1
1 269 889 680 481 29 21 1
1 269 890 679 481 29 20 1
1 269 891 678 481 29 19 1
1 269 892 678 482 29 18 1
1 269 893 678 482 29 18 1
1 269 894 678 483 29 17 1
1 269 895 678 483 29 17 1
1 269 896 677 483 29 17 1
1 269 897 677 483 29 17 1
1 269 898 678 484 29 16 1
1 269 899 679 484 29 16 1
1 269 900 680 485 29 15 1
1 269 901 681 485 29 15 1
1 269 902 682 486 29 14 1
1 269 903 683 486 29 14 1
1 269 904 684 487 29 13 1
1 269 905 684 487 30 13 1
2 2115 0 813 585 132 110 2
2 2115 1 813 585 132 110 2
2 2115 2 813 585 132 110 2
2 2115 3 813 585 132 110 2
2 2115 4 813 585 132 110 2
2 2115 5 813 585 132 110 2
2 2115 6 813 585 132 110 2
2 2115 7 813 585 132 110 2
2 2115 8 813 585 132 110 2
2 2115 9 813 585 132 110 2
2 2115 10 813 585 132 110 2
2 2115 11 813 585 132 110 2
2 2115 12 813 585 132 110 2
2 2115 13 813 585 132 111 2
2 2115 14 810 585 133 111 2
2 2115 15 808 586 133 111 2
2 2115 16 805 587 135 110 2
2 2115 17 803 588 135 110 2
2 2115 18 800 589 137 109 2
2 2115 19 798 590 137 109 2
2 2115 20 795 590 138 110 2
2 2115 21 793 591 139 109 2
2 2115 22 790 592 140 109 2
2 2115 23 788 593 141 108 2
2 2115 24 785 594 142 108 2
2 2115 25 783 595 142 108 2
2 2115 26 781 596 143 107 2
2 2115 27 778 596 144 108 2
2 2115 28 776 597 145 107 2
2 2115 29 773 598 146 107 2
2 2115 30 771 599 146 107 2
2 2115 31 768 600 148 106 2
2 2115 32 766 601 148 106 2
2 2115 33 763 602 150 105 2
2 2115 34 761 602 150 106 2
2 2115 35 758 603 151 105 2
2 2115 36 756 604 152 105 2
2 2115 37 754 605 152 105 2
2 2115 38 751 606 154 104 2
2 2115 39 749 607 154 104 2
2 2115 40 746 608 156 103 2
2 2115 41 744 608 156 104 2
2 2115 42 741 609 157 104 2
2 2115 43 739 610 158 103 2
2 2115 44 736 611 159 103 2
2 2115 45 734 612 160 102 2
2 2115 46 731 613 161 102 2
2 2115 47 729 614 161 102 2
2 2115 48 726 614 163 102 2
2 2115 49 724 615 163 102 2
2 2115 50 722 616 164 101 2
2 2115 51 719 617 165 101 2
2 2115 52 717 618 165 101 2
2 2115 53 714 619 167 100 2
2 2115 54 712 620 167 99 2
2 2115 55 709 620 169 99 2
2 2115 56 707 621 169 98 2
2 2115 57 704 622 170 97 2
2 2115 58 702 623 171 96 2
2 2115 59 699 624 172 95 2
2 2115 60 697 625 173 94 2
2 2115 61 695 626 173 93 2
2 2115 62 692 626 175 93 2
2 2115 63 690 627 175 92 2
2 2115 64 687 628 176 91 2
2 2115 65 685 629 177 90 2
2 2115 66 682 630 178 89 2
2 2115 67 680 631 179 88 2
2 2115 68 677 632 180 87 2
2 2115 69 675 632 180 87 2
2 2115 70 672 633 182 86 2
2 2115 71 670 634 182 85 2
2 2115 72 667 635 184 84 2
2 2115 73 665 636 184 83 2
2 2115 74 663 637 184 82 2
2 2115 75 660 638 186 81 2
2 2115 76 658 638 186 81 2
2 2115 77 655 639 188 80 2
2 2115 78 653 640 188 79 2
2 2115 79 650 641 189 78 2
2 2115 80 648 642 190 77 2
2 2115 81 645 643 191 76 2
2 2115 82 643 644 192 75 2
2 2115 83 640 644 193 75 2
2 2115 84 638 645 194 74 2
2 2115 85 636 646 194 73 2
2 2115 86 633 647 195 72 2
2 2115 87 631 648 196 71 2
2 2115 88 628 649 197 70 2
2 2115 89 626 650 198 69 2
2 2115 90 623 650 199 69 2
2 2115 91 621 651 199 68 2
2 2115 92 618 652 201 67 2
2 2115 93 616 653 201 66 2
2 2115 94 613 654 203 65 2
2 2115 95 611 655 203 64 2
2 2115 96 609 656 204 63 2
2 2115 97 603 656 204 63 2
2 2115 98 598 656 204 63 2
2 2115 99 593 657 204 62 2
2 2115 100 588 657 204 62 2
2 2115 101 583 658 204 61 2
2 2115 102 578 658 204 61 2
2 2115 103 573 658 204 61 2
2 2115 104 568 659 204 60 2
2 2115 105 563 659 204 60 2
2 2115 106 558 660 204 59 2
2 2115 107 553 660 204 59 2
2 2115 108 548 661 204 58 2
2 2115 109 541 660 205 59 2
2 2115 110 535 660 205 59 2
2 2115 111 529 660 205 59 2
2 2115 112 522 660 206 59 2
2 2115 113 516 659 206 60 2
2 2115 114 510 659 206 60 2
2 2115 115 504 659 206 60 2
2 2115 116 497 659 208 60 2
2 2115 117 491 658 208 61 2
2 2115 118 485 658 208 61 2
2 2115 119 478 658 209 61 2
2 2115 120 472 658 209 61 2
2 2115 121 466 657 209 62 2
2 2115 122 460 657 209 62 2
2 2115 123 453 657 211 62 2
2 2115 124 447 657 211 62 2
2 2115 125 441 656 211 63 2
2 2115 126 435 656 211 63 2
2 2115 127 428 656 212 63 2
2 2115 128 422 656 212 63 2
2 2115 129 416 655 212 64 2
2 2115 130 409 655 214 64 2
2 2115 131 403 655 214 64 2
2 2115 132 397 655 214 64 2
2 2115 133 391 654 214 65 2
2 2115 134 384 654 215 65 2
2 2115 135 378 654 215 65 2
2 2115 136 372 654 215 65 2
2 2115 137 365 653 217 66 2
2 2115 138 359 653 217 66 2
2 2115 139 353 653 217 66 2
2 2115 140 347 653 217 66 2
2 2115 141 340 652 218 67 2
2 2115 142 334 652 218 67 2
2 2115 143 328 652 218 67 2
2 2115 144 322 652 219 67 2
2 2115 145 319 650 217 69 2
2 2115 146 316 649 215 70 2
2 2115 147 313 647 214 72 2
2 2115 148 310 646 212 73 2
2 2115 149 307 644 211 75 2
2 2115 150 305 643 208 76 2
2 2115 151 302 642 207 77 2
2 2115 152 299 640 205 79 2
2 2115 153 296 639 204 80 2
2 2115 154 293 637 202 82 2
2 2115 155 290 636 201 83 2
2 2115 156 288 634 198 85 2
2 2115 157 285 633 196 86 2
2 2115 158 282 632 195 87 2
2 2115 159 279 630 193 89 2
2 2115 160 276 629 192 90 2
2 2115 161 273 627 190 92 2
2 2115 162 271 626 188 93 2
2 2115 163 268 624 186 95 2
2 2115 164 265 623 185 96 2
2 2115 165 262 622 183 97 2
2 2115 166 259 620 182 99 2
2 2115 167 256 619 180 99 2
2 2115 168 254 617 177 100 2
2 2115 169 251 616 176 100 2
2 2115 170 248 614 174 101 2
2 2115 171 245 613 173 101 2
2 2115 172 242 612 171 101 2
2 2115 173 239 610 170 102 2
2 2115 174 237 609 167 102 2
2 2115 175 234 607 166 103 2
2 2115 176 231 606 164 103 2
2 2115 177 228 604 163 104 2
2 2115 178 225 603 161 104 2
2 2115 179 223 602 159 105 2
2 2115 180 223 600 158 105 2
2 2115 181 224 598 156 105 2
2 2115 182 224 597 155 104 2
2 2115 183 225 595 153 104 2
2 2115 184 225 594 152 103 2
2 2115 185 226 592 150 103 2
2 2115 186 226 591 149 102 2
2 2115 187 227 589 147 102 2
2 2115 188 227 587 146 102 2
2 2115 189 228 586 144 101 2
2 2115 190 228 584 143 101 2
2 2115 191 229 583 141 100 2
2 2115 192 229 581 140 100 2
2 2115 193 230 580 138 99 2
2 2115 194 231 578 136 99 2
2 2115 195 231 576 135 99 2
2 2115 196 232 575 133 98 2
2 2115 197 232 573 132 98 2
2 2115 198 233 572 130 98 2
2 2115 199 233 570 130 98 2
2 2115 200 234 568 128 98 2
2 2115 201 234 567 127 97 2
2 2115 202 235 565 125 97 2
2 2115 203 235 564 124 96 2
2 2115 204 236 562 122 96 2
2 2115 205 236 561 121 95 2
2 2115 206 237 559 119 95 2
2 2115 207 237 557 118 95 2
2 2115 208 238 556 116 94 2
2 2115 209 238 554 115 94 2
2 2115 210 239 553 114 94 2
2 2115 211 240 551 115 94 2
2 2115 212 242 550 115 94 2
2 2115 213 244 549 116 94 2
2 2115 214 246 548 116 94 2
2 2115 215 248 547 116 93 2
2 2115 216 250 546 117 93 2
2 2115 217 252 545 117 93 2
2 2115 218 253 544 119 93 2
2 2115 219 255 543 119 93 2
2 2115 220 257 542 119 92 2
2 2115 221 259 540 120 93 2
2 2115 222 261 539 120 93 2
2 2115 223 263 538 121 93 2
2 2115 224 265 537 121 92 2
2 2115 225 266 536 122 92 2
2 2115 226 268 535 123 92 2
2 2115 227 270 534 123 92 2
2 2115 228 272 533 124 92 2
2 2115 229 274 532 124 91 2
2 2115 230 276 531 124 91 2
2 2115 231 278 529 125 92 2
2 2115 232 279 528 126 92 2
2 2115 233 281 527 127 91 2
2 2115 234 283 526 127 91 2
2 2115 235 285 525 127 91 2
2 2115 236 287 524 128 91 2
2 2115 237 289 523 128 91 2
2 2115 238 291 522 129 90 2
2 2115 239 292 521 130 90 2
2 2115 240 294 520 130 90 2
2 2115 241 296 518 131 91 2
2 2115 242 298 517 131 90 2
2 2115 243 300 516 132 90 2
2 2115 244 302 515 132 90 2
2 2115 245 304 514 132 90 2
2 2115 246 305 513 134 90 2
2 2115 247 307 512 134 89 2
2 2115 248 309 511 135 89 2
2 2115 249 311 510 135 89 2
2 2115 250 313 509 135 89 2
2 2115 251 315 507 136 89 2
2 2115 252 317 506 136 89 2
2 2115 253 318 505 138 89 2
2 2115 254 320 504 138 89 2
2 2115 255 322 503 138 89 2
2 2115 256 324 502 139 88 2
2 2115 257 326 501 139 88 2
2 2115 258 328 500 140 88 2
2 2115 259 330 499 140 88 2
2 2115 260 332 498 141 88 2
2 2115 261 334 497 141 88 2
2 2115 262 337 496 141 88 2
2 2115 263 340 496 141 88 2
2 2115 264 342 495 142 88 2
2 2115 265 345 495 142 88 2
2 2115 266 348 494 142 88 2
2 2115 267 351 494 142 88 2
2 2115 268 353 493 143 88 2
2 2115 269 356 493 143 88 2
2 2115 270 359 492 143 88 2
2 2115 271 362 492 143 87 2
2 2115 272 364 491 144 88 2
2 2115 273 367 490 144 88 2
2 2115 274 370 490 144 88 2
2 2115 275 372 489 145 88 2
2 2115 276 375 489 145 88 2
2 2115 277 378 488 145 88 2
2 2115 278 381 488 145 88 2
2 2115 279 383 487 146 88 2
2 2115 280 386 487 146 88 2
2 2115 281 389 486 146 88 2
2 2115 282 392 486 145 87 2
2 2115 283 394 485 146 88 2
2 2115 284 397 484 146 88 2
2 2115 285 400 484 146 88 2
2 2115 286 402 483 147 88 2
2 2115 287 405 483 147 88 2
2 2115 288 408 482 147 88 2
2 2115 289 411 482 147 88 2
2 2115 290 413 481 148 88 2
2 2115 291 416 481 148 88 2
2 2115 292 419 480 148 88 2
2 2115 293 422 480 148 87 2
2 2115 294 424 479 149 88 2
2 2115 295 427 478 149 88 2
2 2115 296 430 478 149 88 2
2 2115 297 432 477 150 88 2
2 2115 298 435 477 150 88 2
2 2115 299 438 476 150 88 2
2 2115 300 441 476 150 88 2
2 2115 301 443 475 151 88 2
2 2115 302 446 475 151 88 2
2 2115 303 449 474 151 88 2
2 2115 304 452 474 151 88 2
2 2115 305 455 474 151 87 2
2 2115 306 458 474 151 87 2
2 2115 307 461 475 151 85 2
2 2115 308 464 475 151 85 2
2 2115 309 467 475 151 85 2
2 2115 310 470 476 151 83 2
2 2115 311 473 476 151 83 2
2 2115 312 476 476 151 83 2
2 2115 313 479 477 151 81 2
2 2115 314 482 477 151 81 2
2 2115 315 485 477 152 81 2
2 2115 316 488 478 152 79 2
2 2115 317 491 478 152 79 2
2 2115 318 494 478 152 79 2
2 2115 319 497 479 152 77 2
2 2115 320 500 479 152 77 2
2 2115 321 503 479 152 77 2
2 2115 322 506 480 152 75 2
2 2115 323 509 480 153 75 2
2 2115 324 512 480 153 75 2
2 2115 325 515 481 153 73 2
2 2115 326 518 481 153 73 2
2 2115 327 521 481 153 73 2
2 2115 328 524 482 153 71 2
2 2115 329 527 482 153 71 2
2 2115 330 530 482 153 71 2
2 2115 331 533 483 154 69 2
2 2115 332 536 483 154 69 2
2 2115 333 539 483 154 69 2
2 2115 334 542 484 154 67 2
2 2115 335 545 484 154 67 2
2 2115 336 548 484 154 67 2
2 2115 337 552 485 154 66 2
2 2115 338 553 485 154 66 2
2 2115 339 555 485 154 66 2
2 2115 340 556 485 154 66 2
2 2115 341 558 485 154 66 2
2 2115 342 560 485 154 66 2
2 2115 343 561 485 154 66 2
2 2115 344 563 486 154 66 2
2 2115 345 564 486 154 66 2
2 2115 346 566 486 154 66 2
2 2115 347 568 486 154 66 2
2 2115 348 569 486 154 66 2
2 2115 349 571 486 154 66 2
2 2115 350 572 487 154 66 2
2 2115 351 574 487 154 66 2
2 2115 352 576 487 154 66 2
2 2115 353 577 487 154 66 2
2 2115 354 579 487 154 66 2
2 2115 355 581 487 154 66 2
2 2115 356 582 488 154 66 2
2 2115 357 584 488 154 66 2
2 2115 358 585 488 154 66 2
2 2115 359 587 488 154 66 2
2 2115 360 589 488 154 66 2
2 2115 361 590 488 154 66 2
2 2115 362 592 488 154 66 2
2 2115 363 593 489 154 66 2
2 2115 364 595 489 154 66 2
2 2115 365 597 489 154 66 2
2 2115 366 598 489 154 66 2
2 2115 367 600 489 154 66 2
2 2115 368 602 489 154 66 2
2 2115 369 603 490 154 66 2
2 2115 370 605 490 154 66 2
2 2115 371 606 490 154 66 2
2 2115 372 608 490 154 66 2
2 2115 373 610 490 154 66 2
2 2115 374 611 490 154 66 2
2 2115 375 613 491 154 66 2
2 2115 376 614 491 154 66 2
2 2115 377 616 491 154 66 2
2 2115 378 618 491 154 66 2
2 2115 379 619 491 154 66 2
2 2115 380 621 491 154 66 2
2 2115 381 623 491 154 66 2
2 2115 382 624 492 154 66 2
2 2115 383 626 492 154 66 2
2 2115 384 627 492 154 66 2
2 2115 385 629 492 154 66 2
2 2115 386 631 492 154 66 2
2 2115 387 632 492 154 66 2
2 2115 388 634 493 154 66 2
2 2115 389 635 493 154 66 2
2 2115 390 637 493 154 66 2
2 2115 391 639 493 154 66 2
2 2115 392 640 493 154 66 2
2 2115 393 642 493 154 66 2
2 2115 394 644 494 154 66 2
2 2115 395 644 494 154 66 2
2 2115 396 644 494 154 66 2
2 2115 397 644 494 154 66 2
2 2115 398 644 494 154 66 2
2 2115 399 644 494 154 66 2
2 2115 400 644 494 154 66 2
2 2115 401 644 494 154 66 2
2 2115 402 644 494 154 66 2
2 2115 403 644 494 154 66 2
2 2115 404 644 494 154 66 2
2 2115 405 644 494 154 66 2
2 2115 406 645 494 154 66 2
2 2115 407 645 494 154 66 2
2 2115 408 645 494 154 66 2
2 2115 409 645 494 154 66 2
2 2115 410 645 494 154 66 2
2 2115 411 645 494 154 66 2
2 2115 412 645 495 154 66 2
2 2115 413 645 495 154 66 2
2 2115 414 645 495 154 66 2
2 2115 415 645 495 154 66 2
2 2115 416 645 495 154 66 2
2 2115 417 645 495 154 66 2
2 2115 418 646 495 154 66 2
2 2115 419 646 495 154 66 2
2 2115 420 646 495 154 66 2
2 2115 421 646 495 154 66 2
2 2115 422 646 495 154 66 2
2 2115 423 646 495 154 66 2
2 2115 424 646 495 154 66 2
2 2115 425 646 495 154 66 2
2 2115 426 646 495 154 66 2
2 2115 427 646 495 154 66 2
2 2115 428 646 495 154 66 2
2 2115 429 647 496 154 66 2
2 2115 430 647 496 154 66 2
2 2115 431 647 496 154 66 2
2 2115 432 647 496 154 66 2
2 2115 433 647 496 154 66 2
2 2115 434 647 496 154 66 2
2 2115 435 647 496 154 66 2
2 2115 436 647 496 154 66 2
2 2115 437 647 496 154 66 2
2 2115 438 647 496 154 66 2
2 2115 439 647 496 154 66 2
2 2115 440 647 496 154 66 2
2 2115 441 647 496 154 66 2
2 2115 442 647 496 154 66 2
2 2115 443 647 496 154 66 2
2 2115 444 647 496 154 66 2
2 2115 445 647 496 154 66 2
2 2115 446 647 496 154 66 2
2 2115 447 647 496 154 66 2
2 2115 448 647 496 154 66 2
2 2115 449 647 496 154 66 2
2 2115 450 647 496 154 66 2
2 2115 451 647 496 154 66 2
2 2115 452 647 496 154 66 2
2 2115 453 647 496 154 66 2
2 2115 454 647 496 154 66 2
2 2115 455 647 496 154 66 2
2 2115 456 647 496 154 66 2
2 2115 457 647 496 154 66 2
2 2115 458 647 496 154 66 2
2 2115 459 647 496 154 66 2
2 2115 460 647 496 154 66 2
2 2115 461 647 496 154 66 2
2 2115 462 647 496 154 66 2
2 2115 463 647 496 154 66 2
2 2115 464 647 496 154 66 2
2 2115 465 647 496 154 66 2
2 2115 466 647 496 154 66 2
2 2115 467 647 496 154 66 2
2 2115 468 647 496 154 66 2
2 2115 469 647 496 154 66 2
2 2115 470 647 496 154 66 2
2 2115 471 647 496 154 66 2
2 2115 472 647 496 154 66 2
2 2115 473 647 496 154 66 2
2 2115 474 647 496 154 66 2
2 2115 475 647 496 154 66 2
2 2115 476 647 496 154 66 2
2 2115 477 647 496 154 66 2
2 2115 478 647 496 154 66 2
2 2115 479 647 496 154 66 2
2 2115 480 647 496 154 66 2
2 2115 481 647 496 154 66 2
2 2115 482 647 496 154 66 2
2 2115 483 647 496 154 66 2
2 2115 484 647 496 154 66 2
2 2115 485 647 496 154 66 2
2 2115 486 647 496 154 66 2
2 2115 487 647 496 154 66 2
2 2115 488 647 496 154 66 2
2 2115 489 647 496 154 66 2
2 2115 490 647 496 154 66 2
2 2115 491 647 496 154 66 2
2 2115 492 647 496 154 66 2
2 2115 493 647 496 154 66 2
2 2115 494 647 496 154 66 2
2 2115 495 647 496 154 66 2
2 2115 496 647 496 154 66 2
2 2115 497 647 496 154 66 2
2 2115 498 647 496 154 66 2
2 2115 499 647 496 154 66 2
2 2115 500 647 496 154 66 2
2 2115 501 647 496 154 66 2
2 2115 502 647 496 154 66 2
2 2115 503 647 496 154 66 2
2 2115 504 647 496 154 66 2
2 2115 505 647 496 154 66 2
2 2115 506 647 496 154 66 2
2 2115 507 647 496 154 66 2
2 2115 508 647 496 154 66 2
2 2115 509 647 496 154 66 2
2 2115 510 647 496 154 66 2
2 2115 511 647 496 154 66 2
2 2115 512 647 496 154 66 2
2 2115 513 647 496 154 66 2
2 2115 514 647 496 154 66 2
2 2115 515 647 496 154 66 2
2 2115 516 647 496 154 66 2
2 2115 517 647 496 154 66 2
2 2115 518 647 496 154 66 2
2 2115 519 647 496 154 66 2
2 2115 520 647 496 154 66 2
2 2115 521 647 496 154 66 2
2 2115 522 647 496 154 66 2
2 2115 523 647 496 154 66 2
2 2115 524 647 496 154 66 2
2 2115 525 647 496 154 66 2
2 2115 526 647 496 154 66 2
2 2115 527 647 496 154 66 2
2 2115 528 647 496 154 66 2
2 2115 529 647 496 154 66 2
2 2115 530 647 496 154 66 2
2 2115 531 647 496 154 66 2
2 2115 532 647 496 154 66 2
2 2115 533 647 496 154 66 2
2 2115 534 647 496 154 66 2
2 2115 535 647 496 154 66 2
2 2115 536 647 496 154 66 2
2 2115 537 647 496 154 66 2
2 2115 538 647 496 154 66 2
2 2115 539 647 496 154 66 2
2 2115 540 647 496 154 66 2
2 2115 541 647 496 154 66 2
2 2115 542 647 496 154 66 2
2 2115 543 647 496 154 66 2
2 2115 544 647 496 154 66 2
2 2115 545 647 496 154 66 2
2 2115 546 647 496 154 66 2
2 2115 547 647 496 154 66 2
2 2115 548 647 496 154 66 2
2 2115 549 647 496 154 66 2
2 2115 550 647 496 154 66 2
2 2115 551 647 496 154 66 2
2 2115 552 647 496 154 66 2
2 2115 553 647 496 154 66 2
2 2115 554 647 496 154 66 2
2 2115 555 647 496 154 66 2
2 2115 556 647 496 154 66 2
2 2115 557 647 496 154 66 2
2 2115 558 647 496 154 66 2
2 2115 559 647 496 154 66 2
2 2115 560 647 496 154 66 2
2 2115 561 647 496 154 66 2
2 2115 562 647 496 154 66 2
2 2115 563 647 496 154 66 2
2 2115 564 647 496 154 66 2
2 2115 565 647 496 154 66 2
2 2115 566 647 496 154 66 2
2 2115 567 647 496 154 66 2
2 2115 568 647 496 154 66 2
2 2115 569 647 496 154 66 2
2 2115 570 647 496 154 66 2
2 2115 571 647 496 154 66 2
2 2115 572 647 496 154 66 2
2 2115 573 647 496 154 66 2
2 2115 574 647 496 154 66 2
2 2115 575 647 496 154 66 2
2 2115 576 647 496 154 66 2
2 2115 577 647 496 154 66 2
2 2115 578 647 496 154 66 2
2 2115 579 647 496 154 66 2
2 2115 580 647 496 154 66 2
2 2115 581 647 496 154 66 2
2 2115 582 647 496 154 66 2
2 2115 583 647 496 154 66 2
2 2115 584 647 496 154 66 2
2 2115 585 647 496 154 66 2
2 2115 586 647 496 154 66 2
2 2115 587 647 496 154 66 2
2 2115 588 647 496 154 66 2
2 2115 589 647 496 154 66 2
2 2115 590 647 496 154 66 2
2 2115 591 647 496 154 66 2
2 2115 592 647 496 154 66 2
2 2115 593 647 496 154 66 2
2 2115 594 647 496 154 66 2
2 2115 595 647 496 154 66 2
2 2115 596 647 496 154 66 2
2 2115 597 647 496 154 66 2
2 2115 598 647 496 154 66 2
2 2115 599 647 496 154 66 2
2 2115 600 647 496 154 66 2
2 2115 601 647 496 154 66 2
2 2115 602 647 496 154 66 2
2 2115 603 647 496 154 66 2
2 2115 604 647 496 154 66 2
2 2115 605 647 496 154 66 2
2 2115 606 647 496 154 66 2
2 2115 607 647 496 154 66 2
2 2115 608 647 496 154 66 2
2 2115 609 647 496 154 66 2
2 2115 610 647 496 154 66 2
2 2115 611 647 496 154 66 2
2 2115 612 647 496 154 66 2
2 2115 613 647 496 154 66 2
2 2115 614 647 496 154 66 2
2 2115 615 647 496 154 66 2
2 2115 616 647 496 154 66 2
2 2115 617 647 496 154 66 2
2 2115 618 647 496 154 66 2
2 2115 619 647 496 154 66 2
2 2115 620 647 496 154 66 2
2 2115 621 647 496 154 66 2
2 2115 622 647 496 154 66 2
2 2115 623 647 496 154 66 2
2 2115 624 647 496 154 66 2
2 2115 625 647 496 154 66 2
2 2115 626 647 496 154 66 2
2 2115 627 647 496 154 66 2
2 2115 628 647 496 154 66 2
2 2115 629 647 496 154 66 2
2 2115 630 647 496 154 66 2
2 2115 631 647 496 154 66 2
2 2115 632 647 496 154 66 2
2 2115 633 647 496 154 66 2
2 2115 634 647 496 154 66 2
2 2115 635 647 496 154 66 2
2 2115 636 647 496 154 66 2
2 2115 637 647 496 154 66 2
2 2115 638 647 496 154 66 2
2 2115 639 647 496 154 66 2
2 2115 640 647 496 154 66 2
2 2115 641 647 496 154 66 2
2 2115 642 647 496 154 66 2
2 2115 643 647 496 154 66 2
2 2115 644 647 496 154 66 2
2 2115 645 647 496 154 66 2
2 2115 646 647 496 154 66 2
2 2115 647 647 496 154 66 2
2 2115 648 647 496 154 66 2
2 2115 649 647 496 154 66 2
2 2115 650 647 496 154 66 2
2 2115 651 647 496 154 66 2
2 2115 652 647 496 154 66 2
2 2115 653 647 496 154 66 2
2 2115 654 647 496 154 66 2
2 2115 655 647 496 154 66 2
2 2115 656 647 496 154 66 2
2 2115 657 647 496 154 66 2
2 2115 658 647 496 154 66 2
2 2115 659 647 496 154 66 2
2 2115 660 647 496 154 66 2
2 2115 661 647 496 154 66 2
2 2115 662 647 496 154 66 2
2 2115 663 647 496 154 66 2
2 2115 664 647 496 154 66 2
2 2115 665 647 496 154 66 2
2 2115 666 647 496 154 66 2
2 2115 667 647 496 154 66 2
2 2115 668 647 496 154 66 2
2 2115 669 647 496 154 66 2
2 2115 670 647 496 154 66 2
2 2115 671 647 496 154 66 2
2 2115 672 647 496 154 66 2
2 2115 673 647 496 154 66 2
2 2115 674 647 496 154 66 2
2 2115 675 647 496 154 66 2
2 2115 676 647 496 154 66 2
2 2115 677 647 496 154 66 2
2 2115 678 647 496 154 66 2
2 2115 679 647 496 154 66 2
2 2115 680 647 496 154 66 2
2 2115 681 647 496 154 66 2
2 2115 682 647 496 154 66 2
2 2115 683 647 496 154 66 2
2 2115 684 647 496 154 66 2
2 2115 685 647 496 154 66 2
2 2115 686 647 496 154 66 2
2 2115 687 647 496 154 66 2
2 2115 688 647 496 154 66 2
2 2115 689 647 496 154 66 2
2 2115 690 647 496 154 66 2
2 2115 691 647 496 154 66 2
2 2115 692 647 496 154 66 2
2 2115 693 647 496 154 66 2
2 2115 694 647 496 154 66 2
2 2115 695 647 496 154 66 2
2 2115 696 647 496 154 66 2
2 2115 697 647 496 154 66 2
2 2115 698 647 496 154 66 2
2 2115 699 647 496 154 66 2
2 2115 700 647 496 154 66 2
2 2115 701 647 496 154 66 2
2 2115 702 647 496 154 66 2
2 2115 703 647 496 154 66 2
2 2115 704 647 496 154 66 2
2 2115 705 647 496 154 66 2
2 2115 706 647 496 154 66 2
2 2115 707 647 496 154 66 2
2 2115 708 647 496 154 66 2
2 2115 709 647 496 154 66 2
2 2115 710 647 496 154 66 2
2 2115 711 647 496 154 66 2
2 2115 712 647 496 154 66 2
2 2115 713 647 496 154 66 2
2 2115 714 647 496 154 66 2
2 2115 715 647 496 154 66 2
2 2115 716 647 496 154 66 2
2 2115 717 647 496 154 66 2
2 2115 718 647 496 154 66 2
2 2115 719 647 496 154 66 2
2 2115 720 647 496 154 66 2
2 2115 721 647 496 154 66 2
2 2115 722 647 496 154 66 2
2 2115 723 647 496 154 66 2
2 2115 724 647 496 154 66 2
2 2115 725 647 496 154 66 2
2 2115 726 647 496 154 66 2
2 2115 727 647 496 154 66 2
2 2115 728 647 496 154 66 2
2 2115 729 647 496 154 66 2
2 2115 730 647 496 154 66 2
2 2115 731 647 496 154 66 2
2 2115 732 647 496 154 66 2
2 2115 733 647 496 154 66 2
2 2115 734 647 496 154 66 2
2 2115 735 647 496 154 66 2
2 2115 736 647 496 154 66 2
2 2115 737 647 496 154 66 2
2 2115 738 647 496 154 66 2
2 2115 739 647 496 154 66 2
2 2115 740 647 496 154 66 2
2 2115 741 647 496 154 66 2
2 2115 742 647 496 154 66 2
2 2115 743 647 496 154 66 2
2 2115 744 647 496 154 66 2
2 2115 745 647 496 154 66 2
2 2115 746 647 496 154 66 2
2 2115 747 647 496 154 66 2
2 2115 748 647 496 154 66 2
2 2115 749 647 496 154 66 2
2 2115 750 647 496 154 66 2
2 2115 751 647 496 154 66 2
2 2115 752 647 496 154 66 2
2 2115 753 647 496 154 66 2
2 2115 754 647 496 154 66 2
2 2115 755 647 496 154 66 2
2 2115 756 647 496 154 66 2
2 2115 757 647 496 154 66 2
2 2115 758 647 496 154 66 2
2 2115 759 647 496 154 66 2
2 2115 760 647 496 154 66 2
2 2115 761 647 496 154 66 2
2 2115 762 647 496 154 66 2
2 2115 763 647 496 154 66 2
2 2115 764 647 496 154 66 2
2 2115 765 647 496 154 66 2
2 2115 766 647 496 154 66 2
2 2115 767 647 496 154 66 2
2 2115 768 647 496 154 66 2
2 2115 769 647 496 154 66 2
2 2115 770 647 496 154 66 2
2 2115 771 647 496 154 66 2
2 2115 772 647 496 154 66 2
2 2115 773 647 496 154 66 2
2 2115 774 647 496 154 66 2
2 2115 775 647 496 154 66 2
2 2115 776 647 496 154 66 2
2 2115 777 647 496 154 66 2
2 2115 778 647 496 154 66 2
2 2115 779 647 496 154 66 2
2 2115 780 647 496 154 66 2
2 2115 781 647 496 154 66 2
2 2115 782 647 496 154 66 2
2 2115 783 647 496 154 66 2
2 2115 784 647 496 154 66 2
2 2115 785 647 496 154 66 2
2 2115 786 647 496 154 66 2
2 2115 787 647 496 154 66 2
2 2115 788 647 496 154 66 2
2 2115 789 647 496 154 66 2
2 2115 790 647 496 154 66 2
2 2115 791 647 496 154 66 2
2 2115 792 647 496 154 66 2
2 2115 793 647 496 154 66 2
2 2115 794 647 496 154 66 2
2 2115 795 647 496 154 66 2
2 2115 796 647 496 154 66 2
2 2115 797 647 496 154 66 2
2 2115 798 647 496 154 66 2
2 2115 799 647 496 154 66 2
2 2115 800 647 496 154 66 2
2 2115 801 647 496 154 66 2
2 2115 802 647 496 154 66 2
2 2115 803 647 496 154 66 2
2 2115 804 647 496 154 66 2
2 2115 805 647 496 154 66 2
2 2115 806 647 496 154 66 2
2 2115 807 647 496 154 66 2
2 2115 808 647 496 154 66 2
2 2115 809 647 496 154 66 2
2 2115 810 647 496 154 66 2
2 2115 811 647 496 154 66 2
2 2115 812 647 496 154 66 2
2 2115 813 647 496 154 66 2
2 2115 814 647 496 154 66 2
2 2115 815 647 496 154 66 2
2 2115 816 647 496 154 66 2
2 2115 817 647 496 154 66 2
2 2115 818 647 496 154 66 2
2 2115 819 647 496 154 66 2
2 2115 820 647 496 154 66 2
2 2115 821 647 496 154 66 2
2 2115 822 647 496 154 66 2
2 2115 823 647 496 154 66 2
2 2115 824 647 496 154 66 2
2 2115 825 647 496 154 66 2
2 2115 826 647 496 154 66 2
2 2115 827 647 496 154 66 2
2 2115 828 647 496 154 66 2
2 2115 829 647 496 154 66 2
2 2115 830 647 496 154 66 2
2 2115 831 647 496 154 66 2
2 2115 832 647 496 154 66 2
2 2115 833 647 496 154 66 2
2 2115 834 647 496 154 66 2
2 2115 835 647 496 154 66 2
2 2115 836 647 496 154 66 2
2 2115 837 647 496 154 66 2
2 2115 838 647 496 154 66 2
2 2115 839 647 496 154 66 2
2 2115 840 647 496 154 66 2
2 2115 841 647 496 154 66 2
2 2115 842 647 496 154 66 2
2 2115 843 647 496 154 66 2
2 2115 844 647 496 154 66 2
2 2115 845 647 496 154 66 2
2 2115 846 647 496 154 66 2
2 2115 847 647 496 154 66 2
2 2115 848 647 496 154 66 2
2 2115 849 647 496 154 66 2
2 2115 850 647 496 154 66 2
2 2115 851 647 496 154 66 2
2 2115 852 647 496 154 66 2
2 2115 853 647 496 154 66 2
2 2115 854 647 496 154 66 2
2 2115 855 647 496 154 66 2
2 2115 856 647 496 154 66 2
2 2115 857 647 496 154 66 2
2 2115 858 647 496 154 66 2
2 2115 859 647 496 154 66 2
2 2115 860 647 496 154 66 2
2 2115 861 647 496 154 66 2
2 2115 862 647 496 154 66 2
2 2115 863 647 496 154 66 2
2 2115 864 647 496 154 66 2
2 2115 865 647 496 154 66 2
2 2115 866 647 496 154 66 2
2 2115 867 647 496 154 66 2
2 2115 868 647 496 154 66 2
2 2115 869 647 496 154 66 2
2 2115 870 647 496 154 66 2
2 2115 871 647 496 154 66 2
2 2115 872 647 496 154 66 2
2 2115 873 647 496 154 66 2
2 2115 874 647 496 154 66 2
2 2115 875 647 496 154 66 2
2 2115 876 647 496 154 66 2
2 2115 877 647 496 154 66 2
2 2115 878 647 496 154 66 2
2 2115 879 647 496 154 66 2
2 2115 880 647 496 154 66 2
2 2115 881 647 496 154 66 2
2 2115 882 647 496 154 66 2
2 2115 883 647 496 154 66 2
2 2115 884 647 496 154 66 2
2 2115 885 647 496 154 66 2
2 2115 886 647 496 154 66 2
2 2115 887 647 496 154 66 2
2 2115 888 647 496 154 66 2
2 2115 889 647 496 154 66 2
2 2115 890 647 496 154 66 2
2 2115 891 647 496 154 66 2
2 2115 892 647 496 154 66 2
2 2115 893 647 496 154 66 2
2 2115 894 647 496 154 66 2
2 2115 895 647 496 154 66 2
2 2115 896 647 496 154 66 2
2 2115 897 647 496 154 66 2
2 2115 898 647 496 154 66 2
2 2115 899 647 496 154 66 2
2 2115 900 647 496 154 66 2
2 2115 901 647 496 154 66 2
2 2115 902 647 496 154 66 2
2 2115 903 647 496 154 66 2
2 2115 904 647 496 154 66 2
2 2115 905 647 496 154 66 2
2 2115 906 647 496 154 66 2
2 2115 907 647 496 154 66 2
2 2115 908 647 496 154 66 2
2 2115 909 647 496 154 66 2
2 2115 910 647 496 154 66 2
2 2115 911 647 496 154 66 2
2 2115 912 647 496 154 66 2
2 2115 913 647 496 154 66 2
2 2115 914 647 496 154 66 2
2 2115 915 647 496 154 66 2
2 2115 916 647 496 154 66 2
2 2115 917 647 496 154 66 2
2 2115 918 647 496 154 66 2
2 2115 919 647 496 154 66 2
2 2115 920 647 496 154 66 2
2 2115 921 647 496 154 66 2
2 2115 922 647 496 154 66 2
2 2115 923 647 496 154 66 2
2 2115 924 647 496 154 66 2
2 2115 925 647 496 154 66 2
2 2115 926 647 496 154 66 2
2 2115 927 647 496 154 66 2
2 2115 928 647 496 154 66 2
2 2115 929 647 496 154 66 2
2 2115 930 647 496 154 66 2
2 2115 931 647 496 154 66 2
2 2115 932 647 496 154 66 2
2 2115 933 647 496 154 66 2
2 2115 934 647 496 154 66 2
2 2115 935 647 496 154 66 2
2 2115 936 647 496 154 66 2
2 2115 937 647 496 154 66 2
2 2115 938 647 496 154 66 2
2 2115 939 647 496 154 66 2
2 2115 940 647 496 154 66 2
2 2115 941 647 496 154 66 2
2 2115 942 647 496 154 66 2
2 2115 943 647 496 154 66 2
2 2115 944 647 496 154 66 2
2 2115 945 647 496 154 66 2
2 2115 946 647 496 154 66 2
2 2115 947 647 496 154 66 2
2 2115 948 647 496 154 66 2
2 2115 949 647 496 154 66 2
2 2115 950 647 496 154 66 2
2 2115 951 647 496 154 66 2
2 2115 952 647 496 154 66 2
2 2115 953 647 496 154 66 2
2 2115 954 647 496 154 66 2
2 2115 955 647 496 154 66 2
2 2115 956 647 496 154 66 2
2 2115 957 647 496 154 66 2
2 2115 958 647 496 154 66 2
2 2115 959 647 496 154 66 2
2 2115 960 647 496 154 66 2
2 2115 961 647 496 154 66 2
2 2115 962 647 496 154 66 2
2 2115 963 647 496 154 66 2
2 2115 964 647 496 154 66 2
2 2115 965 647 496 154 66 2
2 2115 966 647 496 154 66 2
2 2115 967 647 496 154 66 2
2 2115 968 647 496 154 66 2
2 2115 969 647 496 154 66 2
2 2115 970 647 496 154 66 2
2 2115 971 647 496 154 66 2
2 2115 972 647 496 154 66 2
2 2115 973 647 496 154 66 2
2 2115 974 647 496 154 66 2
2 2115 975 647 496 154 66 2
2 2115 976 647 496 154 66 2
2 2115 977 647 496 154 66 2
2 2115 978 647 496 154 66 2
2 2115 979 647 496 154 66 2
2 2115 980 647 496 154 66 2
2 2115 981 647 496 154 66 2
2 2115 982 647 496 154 66 2
2 2115 983 647 496 154 66 2
2 2115 984 647 496 154 66 2
2 2115 985 647 496 154 66 2
2 2115 986 647 496 154 66 2
2 2115 987 647 496 154 66 2
2 2115 988 647 496 154 66 2
2 2115 989 647 496 154 66 2
2 2115 990 647 496 154 66 2
2 2115 991 647 496 154 66 2
2 2115 992 647 496 154 66 2
2 2115 993 647 496 154 66 2
2 2115 994 647 496 154 66 2
2 2115 995 647 496 154 66 2
2 2115 996 647 496 154 66 2
2 2115 997 647 496 154 66 2
2 2115 998 647 496 154 66 2
2 2115 999 647 496 154 66 2
2 2115 1000 647 496 154 66 2
2 2115 1001 647 496 154 66 2
2 2115 1002 647 496 154 66 2
2 2115 1003 647 496 154 66 2
2 2115 1004 647 496 154 66 2
2 2115 1005 647 496 154 66 2
2 2115 1006 647 496 154 66 2
2 2115 1007 647 496 154 66 2
2 2115 1008 647 496 154 66 2
2 2115 1009 647 496 154 66 2
2 2115 1010 647 496 154 66 2
2 2115 1011 647 496 154 66 2
2 2115 1012 647 496 154 66 2
2 2115 1013 647 496 154 66 2
2 2115 1014 647 496 154 66 2
2 2115 1015 647 496 154 66 2
2 2115 1016 647 496 154 66 2
2 2115 1017 647 496 154 66 2
2 2115 1018 647 496 154 66 2
2 2115 1019 647 496 154 66 2
2 2115 1020 647 496 154 66 2
2 2115 1021 647 496 154 66 2
2 2115 1022 647 496 154 66 2
2 2115 1023 647 496 154 66 2
2 2115 1024 647 496 154 66 2
2 2115 1025 647 496 154 66 2
2 2115 1026 647 496 154 66 2
2 2115 1027 647 496 154 66 2
2 2115 1028 647 496 154 66 2
2 2115 1029 647 496 154 66 2
2 2115 1030 647 496 154 66 2
2 2115 1031 647 496 154 66 2
2 2115 1032 647 496 154 66 2
2 2115 1033 647 496 154 66 2
2 2115 1034 647 496 154 66 2
2 2115 1035 647 496 154 66 2
2 2115 1036 647 496 154 66 2
2 2115 1037 647 496 154 66 2
2 2115 1038 647 496 154 66 2
2 2115 1039 647 496 154 66 2
2 2115 1040 647 496 154 66 2
2 2115 1041 647 496 154 66 2
2 2115 1042 647 496 154 66 2
2 2115 1043 647 496 154 66 2
2 2115 1044 647 496 154 66 2
2 2115 1045 647 496 154 66 2
2 2115 1046 647 496 154 66 2
2 2115 1047 647 496 154 66 2
2 2115 1048 647 496 154 66 2
2 2115 1049 647 496 154 66 2
2 2115 1050 647 496 154 66 2
2 2115 1051 647 496 154 66 2
2 2115 1052 647 496 154 66 2
2 2115 1053 647 496 154 66 2
2 2115 1054 647 496 154 66 2
2 2115 1055 647 496 154 66 2
2 2115 1056 647 496 154 66 2
2 2115 1057 647 496 154 66 2
2 2115 1058 647 496 154 66 2
2 2115 1059 647 496 154 66 2
2 2115 1060 647 496 154 66 2
2 2115 1061 647 496 154 66 2
2 2115 1062 647 496 154 66 2
2 2115 1063 647 496 154 66 2
2 2115 1064 647 496 154 66 2
2 2115 1065 647 496 154 66 2
2 2115 1066 647 496 154 66 2
2 2115 1067 647 496 154 66 2
2 2115 1068 647 496 154 66 2
2 2115 1069 647 496 154 66 2
2 2115 1070 647 496 154 66 2
2 2115 1071 647 496 154 66 2
2 2115 1072 647 496 154 66 2
2 2115 1073 647 496 154 66 2
2 2115 1074 647 496 154 66 2
2 2115 1075 647 496 154 66 2
2 2115 1076 647 496 154 66 2
2 2115 1077 647 496 154 66 2
2 2115 1078 647 496 154 66 2
2 2115 1079 647 496 154 66 2
2 2115 1080 647 496 154 66 2
2 2115 1081 647 496 154 66 2
2 2115 1082 647 496 154 66 2
2 2115 1083 647 496 154 66 2
2 2115 1084 647 496 154 66 2
2 2115 1085 647 496 154 66 2
2 2115 1086 647 496 154 66 2
2 2115 1087 647 496 154 66 2
2 2115 1088 647 496 154 66 2
2 2115 1089 647 496 154 66 2
2 2115 1090 647 496 154 66 2
2 2115 1091 647 496 154 66 2
2 2115 1092 647 496 154 66 2
2 2115 1093 647 496 154 66 2
2 2115 1094 647 496 154 66 2
2 2115 1095 647 496 154 66 2
2 2115 1096 647 496 154 66 2
2 2115 1097 647 496 154 66 2
2 2115 1098 647 496 154 66 2
2 2115 1099 647 496 154 66 2
2 2115 1100 647 496 154 66 2
2 2115 1101 647 496 154 66 2
2 2115 1102 647 496 154 66 2
2 2115 1103 647 496 154 66 2
2 2115 1104 647 496 154 66 2
2 2115 1105 647 496 154 66 2
2 2115 1106 647 496 154 66 2
2 2115 1107 647 496 154 66 2
2 2115 1108 647 496 154 66 2
2 2115 1109 647 496 154 66 2
2 2115 1110 647 496 154 66 2
2 2115 1111 647 496 154 66 2
2 2115 1112 647 496 154 66 2
2 2115 1113 647 496 154 66 2
2 2115 1114 647 496 154 66 2
2 2115 1115 647 496 154 66 2
2 2115 1116 647 496 154 66 2
2 2115 1117 647 496 154 66 2
2 2115 1118 647 496 154 66 2
2 2115 1119 647 496 154 66 2
2 2115 1120 647 496 154 66 2
2 2115 1121 647 496 154 66 2
2 2115 1122 647 496 154 66 2
2 2115 1123 647 496 154 66 2
2 2115 1124 647 496 154 66 2
2 2115 1125 647 496 154 66 2
2 2115 1126 647 496 154 66 2
2 2115 1127 647 496 154 66 2
2 2115 1128 647 496 154 66 2
2 2115 1129 647 496 154 66 2
2 2115 1130 647 496 154 66 2
2 2115 1131 647 496 154 66 2
2 2115 1132 647 496 154 66 2
2 2115 1133 647 496 154 66 2
2 2115 1134 647 496 154 66 2
2 2115 1135 647 496 154 66 2
2 2115 1136 647 496 154 66 2
2 2115 1137 647 496 154 66 2
2 2115 1138 647 496 154 66 2
2 2115 1139 647 496 154 66 2
2 2115 1140 647 496 154 66 2
2 2115 1141 647 496 154 66 2
2 2115 1142 647 496 154 66 2
2 2115 1143 647 496 154 66 2
2 2115 1144 647 496 154 66 2
2 2115 1145 647 496 154 66 2
2 2115 1146 647 496 154 66 2
2 2115 1147 647 496 154 66 2
2 2115 1148 647 496 154 66 2
2 2115 1149 647 496 154 66 2
2 2115 1150 647 496 154 66 2
2 2115 1151 647 496 154 66 2
2 2115 1152 647 496 154 66 2
2 2115 1153 647 496 154 66 2
2 2115 1154 647 496 154 66 2
2 2115 1155 647 496 154 66 2
2 2115 1156 647 496 154 66 2
2 2115 1157 647 496 154 66 2
2 2115 1158 647 496 154 66 2
2 2115 1159 647 496 154 66 2
2 2115 1160 647 496 154 66 2
2 2115 1161 647 496 154 66 2
2 2115 1162 647 496 154 66 2
2 2115 1163 647 496 154 66 2
2 2115 1164 647 496 154 66 2
2 2115 1165 647 496 154 66 2
2 2115 1166 647 496 154 66 2
2 2115 1167 647 496 154 66 2
2 2115 1168 647 496 154 66 2
2 2115 1169 647 496 154 66 2
2 2115 1170 647 496 154 66 2
2 2115 1171 647 496 154 66 2
2 2115 1172 647 496 154 66 2
2 2115 1173 647 496 154 66 2
2 2115 1174 647 496 154 66 2
2 2115 1175 647 496 154 66 2
2 2115 1176 647 496 154 66 2
2 2115 1177 647 496 154 66 2
2 2115 1178 647 496 154 66 2
2 2115 1179 647 496 154 66 2
2 2115 1180 647 496 154 66 2
2 2115 1181 647 496 154 66 2
2 2115 1182 647 496 154 66 2
2 2115 1183 647 496 154 66 2
2 2115 1184 647 496 154 66 2
2 2115 1185 647 496 154 66 2
2 2115 1186 647 496 154 66 2
2 2115 1187 647 496 154 66 2
2 2115 1188 647 496 154 66 2
2 2115 1189 647 496 154 66 2
2 2115 1190 647 496 154 66 2
2 2115 1191 647 496 154 66 2
2 2115 1192 647 496 154 66 2
2 2115 1193 647 496 154 66 2
2 2115 1194 647 496 154 66 2
2 2115 1195 647 496 154 66 2
2 2115 1196 647 496 154 66 2
2 2115 1197 647 496 154 66 2
2 2115 1198 647 496 154 66 2
2 2115 1199 647 496 154 66 2
2 2115 1200 647 496 154 66 2
2 2115 1201 647 496 154 66 2
2 2115 1202 647 496 154 66 2
2 2115 1203 647 496 154 66 2
2 2115 1204 647 496 154 66 2
2 2115 1205 647 496 154 66 2
2 2115 1206 647 496 154 66 2
2 2115 1207 647 496 154 66 2
2 2115 1208 647 496 154 66 2
2 2115 1209 647 496 154 66 2
2 2115 1210 647 496 154 66 2
2 2115 1211 647 496 154 66 2
2 2115 1212 647 496 154 66 2
2 2115 1213 647 496 154 66 2
2 2115 1214 647 496 154 66 2
2 2115 1215 647 496 154 66 2
2 2115 1216 647 496 154 66 2
2 2115 1217 647 496 154 66 2
2 2115 1218 647 496 154 66 2
2 2115 1219 647 496 154 66 2
2 2115 1220 647 496 154 66 2
2 2115 1221 647 496 154 66 2
2 2115 1222 647 496 154 66 2
2 2115 1223 647 496 154 66 2
2 2115 1224 647 496 154 66 2
2 2115 1225 647 496 154 66 2
2 2115 1226 647 496 154 66 2
2 2115 1227 647 496 154 66 2
2 2115 1228 647 496 154 66 2
2 2115 1229 647 496 154 66 2
2 2115 1230 647 496 154 66 2
2 2115 1231 647 496 154 66 2
2 2115 1232 647 496 154 66 2
2 2115 1233 647 496 154 66 2
2 2115 1234 647 496 154 66 2
2 2115 1235 647 496 154 66 2
2 2115 1236 647 496 154 66 2
2 2115 1237 647 496 154 66 2
2 2115 1238 647 496 154 66 2
2 2115 1239 647 496 154 66 2
2 2115 1240 647 496 154 66 2
2 2115 1241 647 496 154 66 2
2 2115 1242 647 496 154 66 2
2 2115 1243 647 496 154 66 2
2 2115 1244 647 496 154 66 2
2 2115 1245 647 496 154 66 2
2 2115 1246 647 496 154 66 2
2 2115 1247 647 496 154 66 2
2 2115 1248 647 496 154 66 2
2 2115 1249 647 496 154 66 2
2 2115 1250 647 496 154 66 2
2 2115 1251 647 496 154 66 2
2 2115 1252 647 496 154 66 2
2 2115 1253 647 496 154 66 2
2 2115 1254 647 496 154 66 2
2 2115 1255 647 496 154 66 2
2 2115 1256 647 496 154 66 2
2 2115 1257 647 496 154 66 2
2 2115 1258 647 496 154 66 2
2 2115 1259 647 496 154 66 2
2 2115 1260 647 496 154 66 2
2 2115 1261 647 496 154 66 2
2 2115 1262 647 496 154 66 2
2 2115 1263 647 496 154 66 2
2 2115 1264 647 496 154 66 2
2 2115 1265 647 496 154 66 2
2 2115 1266 647 496 154 66 2
2 2115 1267 647 496 154 66 2
2 2115 1268 647 496 154 66 2
2 2115 1269 647 496 154 66 2
2 2115 1270 647 496 154 66 2
2 2115 1271 647 496 154 66 2
2 2115 1272 647 496 154 66 2
2 2115 1273 647 496 154 66 2
2 2115 1274 647 496 154 66 2
2 2115 1275 647 496 154 66 2
2 2115 1276 647 496 154 66 2
2 2115 1277 647 496 154 66 2
2 2115 1278 647 496 154 66 2
2 2115 1279 647 496 154 66 2
2 2115 1280 647 496 154 66 2
2 2115 1281 647 496 154 66 2
2 2115 1282 647 496 154 66 2
2 2115 1283 647 496 154 66 2
2 2115 1284 647 496 154 66 2
2 2115 1285 647 496 154 66 2
2 2115 1286 647 496 154 66 2
2 2115 1287 647 496 154 66 2
2 2115 1288 647 496 154 66 2
2 2115 1289 647 496 154 66 2
2 2115 1290 647 496 154 66 2
2 2115 1291 647 496 154 66 2
2 2115 1292 647 496 154 66 2
2 2115 1293 647 496 154 66 2
2 2115 1294 647 496 154 66 2
2 2115 1295 647 496 154 66 2
2 2115 1296 647 496 154 66 2
2 2115 1297 647 496 154 66 2
2 2115 1298 647 496 154 66 2
2 2115 1299 647 496 154 66 2
2 2115 1300 647 496 154 66 2
2 2115 1301 647 496 154 66 2
2 2115 1302 647 496 154 66 2
2 2115 1303 647 496 154 66 2
2 2115 1304 647 496 154 66 2
2 2115 1305 647 496 154 66 2
2 2115 1306 647 496 154 66 2
2 2115 1307 647 496 154 66 2
2 2115 1308 647 496 154 66 2
2 2115 1309 647 496 154 66 2
2 2115 1310 647 496 154 66 2
2 2115 1311 647 496 154 66 2
2 2115 1312 647 496 154 66 2
2 2115 1313 647 496 154 66 2
2 2115 1314 647 496 154 66 2
2 2115 1315 647 496 154 66 2
2 2115 1316 647 496 154 66 2
2 2115 1317 647 496 154 66 2
2 2115 1318 647 496 154 66 2
2 2115 1319 647 496 154 66 2
2 2115 1320 647 496 154 66 2
2 2115 1321 647 496 154 66 2
2 2115 1322 647 496 154 66 2
2 2115 1323 647 496 154 66 2
2 2115 1324 647 496 154 66 2
2 2115 1325 647 496 154 66 2
2 2115 1326 647 496 154 66 2
2 2115 1327 647 496 154 66 2
2 2115 1328 647 496 154 66 2
2 2115 1329 647 496 154 66 2
2 2115 1330 647 496 154 66 2
2 2115 1331 647 496 154 66 2
2 2115 1332 647 496 154 66 2
2 2115 1333 647 496 154 66 2
2 2115 1334 647 496 154 66 2
2 2115 1335 647 496 154 66 2
2 2115 1336 647 496 154 66 2
2 2115 1337 647 496 154 66 2
2 2115 1338 647 496 154 66 2
2 2115 1339 647 496 154 66 2
2 2115 1340 647 496 154 66 2
2 2115 1341 647 496 154 66 2
2 2115 1342 647 496 154 66 2
2 2115 1343 647 496 154 66 2
2 2115 1344 647 496 154 66 2
2 2115 1345 647 496 154 66 2
2 2115 1346 647 496 154 66 2
2 2115 1347 647 496 154 66 2
2 2115 1348 647 496 154 66 2
2 2115 1349 647 496 154 66 2
2 2115 1350 647 496 154 66 2
2 2115 1351 647 496 154 66 2
2 2115 1352 647 496 154 66 2
2 2115 1353 647 496 154 66 2
2 2115 1354 647 496 154 66 2
2 2115 1355 647 496 154 66 2
2 2115 1356 647 496 154 66 2
2 2115 1357 647 496 154 66 2
2 2115 1358 647 496 154 66 2
2 2115 1359 647 496 154 66 2
2 2115 1360 647 496 154 66 2
2 2115 1361 647 496 154 66 2
2 2115 1362 647 496 154 66 2
2 2115 1363 647 496 154 66 2
2 2115 1364 647 496 154 66 2
2 2115 1365 647 496 154 66 2
2 2115 1366 647 496 154 66 2
2 2115 1367 647 496 154 66 2
2 2115 1368 647 496 154 66 2
2 2115 1369 647 496 154 66 2
2 2115 1370 647 496 154 66 2
2 2115 1371 647 496 154 66 2
2 2115 1372 647 496 154 66 2
2 2115 1373 647 496 154 66 2
2 2115 1374 647 496 154 66 2
2 2115 1375 647 496 154 66 2
2 2115 1376 647 496 154 66 2
2 2115 1377 647 496 154 66 2
2 2115 1378 647 496 154 66 2
2 2115 1379 647 496 154 66 2
2 2115 1380 647 496 154 66 2
2 2115 1381 647 496 154 66 2
2 2115 1382 647 496 154 66 2
2 2115 1383 647 496 154 66 2
2 2115 1384 647 496 154 66 2
2 2115 1385 647 496 154 66 2
2 2115 1386 647 496 154 66 2
2 2115 1387 647 496 154 66 2
2 2115 1388 647 496 154 66 2
2 2115 1389 647 496 154 66 2
2 2115 1390 647 496 154 66 2
2 2115 1391 647 496 154 66 2
2 2115 1392 647 496 154 66 2
2 2115 1393 647 496 154 66 2
2 2115 1394 647 496 154 66 2
2 2115 1395 647 496 154 66 2
2 2115 1396 647 496 154 66 2
2 2115 1397 647 496 154 66 2
2 2115 1398 647 496 154 66 2
2 2115 1399 647 496 154 66 2
2 2115 1400 647 496 154 66 2
2 2115 1401 647 496 154 66 2
2 2115 1402 647 496 154 66 2
2 2115 1403 647 496 154 66 2
2 2115 1404 647 496 154 66 2
2 2115 1405 647 496 154 66 2
2 2115 1406 647 496 154 66 2
2 2115 1407 647 496 154 66 2
2 2115 1408 647 496 154 66 2
2 2115 1409 647 496 154 66 2
2 2115 1410 647 496 154 66 2
2 2115 1411 647 496 154 66 2
2 2115 1412 647 496 154 66 2
2 2115 1413 647 496 154 66 2
2 2115 1414 647 496 154 66 2
2 2115 1415 647 496 154 66 2
2 2115 1416 647 496 154 66 2
2 2115 1417 647 496 154 66 2
2 2115 1418 647 496 154 66 2
2 2115 1419 647 496 154 66 2
2 2115 1420 647 496 154 66 2
2 2115 1421 647 496 154 66 2
2 2115 1422 647 496 154 66 2
2 2115 1423 647 496 154 66 2
2 2115 1424 647 496 154 66 2
2 2115 1425 647 496 154 66 2
2 2115 1426 647 496 154 66 2
2 2115 1427 647 496 154 66 2
2 2115 1428 647 496 154 66 2
2 2115 1429 647 496 154 66 2
2 2115 1430 647 496 154 66 2
2 2115 1431 647 496 154 66 2
2 2115 1432 647 496 154 66 2
2 2115 1433 647 496 154 66 2
2 2115 1434 647 496 154 66 2
2 2115 1435 647 496 154 66 2
2 2115 1436 647 496 154 66 2
2 2115 1437 647 496 154 66 2
2 2115 1438 647 496 154 66 2
2 2115 1439 647 496 154 66 2
2 2115 1440 647 496 154 66 2
2 2115 1441 647 496 154 66 2
2 2115 1442 647 496 154 66 2
2 2115 1443 647 496 154 66 2
2 2115 1444 647 496 154 66 2
2 2115 1445 647 496 154 66 2
2 2115 1446 647 496 154 66 2
2 2115 1447 647 496 154 66 2
2 2115 1448 647 496 154 66 2
2 2115 1449 647 496 154 66 2
2 2115 1450 647 496 154 66 2
2 2115 1451 647 496 154 66 2
2 2115 1452 647 496 154 66 2
2 2115 1453 647 496 154 66 2
2 2115 1454 647 496 154 66 2
2 2115 1455 647 496 154 66 2
2 2115 1456 647 496 154 66 2
2 2115 1457 647 496 154 66 2
2 2115 1458 647 496 154 66 2
2 2115 1459 647 496 154 66 2
2 2115 1460 647 496 154 66 2
2 2115 1461 647 496 154 66 2
2 2115 1462 647 496 154 66 2
2 2115 1463 647 496 154 66 2
2 2115 1464 647 496 154 66 2
2 2115 1465 647 496 154 66 2
2 2115 1466 647 496 154 66 2
2 2115 1467 647 496 154 66 2
2 2115 1468 647 496 154 66 2
2 2115 1469 647 496 154 66 2
2 2115 1470 647 496 154 66 2
2 2115 1471 647 496 154 66 2
2 2115 1472 647 496 154 66 2
2 2115 1473 647 496 154 66 2
2 2115 1474 647 496 154 66 2
2 2115 1475 647 496 154 66 2
2 2115 1476 647 496 154 66 2
2 2115 1477 647 496 154 66 2
2 2115 1478 647 496 154 66 2
2 2115 1479 647 496 154 66 2
2 2115 1480 647 496 154 66 2
2 2115 1481 647 496 154 66 2
2 2115 1482 647 496 154 66 2
2 2115 1483 647 496 154 66 2
2 2115 1484 647 496 154 66 2
2 2115 1485 647 496 154 66 2
2 2115 1486 647 496 154 66 2
2 2115 1487 647 496 154 66 2
2 2115 1488 647 496 154 66 2
2 2115 1489 647 496 154 66 2
2 2115 1490 647 496 154 66 2
2 2115 1491 647 496 154 66 2
2 2115 1492 647 496 154 66 2
2 2115 1493 647 496 154 66 2
2 2115 1494 647 496 154 66 2
2 2115 1495 647 496 154 66 2
2 2115 1496 647 496 154 66 2
2 2115 1497 647 496 154 66 2
2 2115 1498 647 496 154 66 2
2 2115 1499 647 496 154 66 2
2 2115 1500 647 496 154 66 2
2 2115 1501 647 496 154 66 2
2 2115 1502 647 496 154 66 2
2 2115 1503 647 496 154 66 2
2 2115 1504 647 496 154 66 2
2 2115 1505 647 496 154 66 2
2 2115 1506 647 496 154 66 2
2 2115 1507 647 496 154 66 2
2 2115 1508 647 496 154 66 2
2 2115 1509 647 496 154 66 2
2 2115 1510 647 496 154 66 2
2 2115 1511 647 496 154 66 2
2 2115 1512 647 496 154 66 2
2 2115 1513 647 496 154 66 2
2 2115 1514 647 496 154 66 2
2 2115 1515 647 496 154 66 2
2 2115 1516 647 496 154 66 2
2 2115 1517 647 496 154 66 2
2 2115 1518 647 496 154 66 2
2 2115 1519 647 496 154 66 2
2 2115 1520 647 496 154 66 2
2 2115 1521 647 496 154 66 2
2 2115 1522 647 496 154 66 2
2 2115 1523 647 496 154 66 2
2 2115 1524 647 496 154 66 2
2 2115 1525 647 496 154 66 2
2 2115 1526 647 496 154 66 2
2 2115 1527 647 496 154 66 2
2 2115 1528 647 496 154 66 2
2 2115 1529 647 496 154 66 2
2 2115 1530 647 496 154 66 2
2 2115 1531 647 496 154 66 2
2 2115 1532 647 496 154 66 2
2 2115 1533 647 496 154 66 2
2 2115 1534 647 496 154 66 2
2 2115 1535 647 496 154 66 2
2 2115 1536 647 496 154 66 2
2 2115 1537 647 496 154 66 2
2 2115 1538 647 496 154 66 2
2 2115 1539 647 496 154 66 2
2 2115 1540 647 496 154 66 2
2 2115 1541 647 496 154 66 2
2 2115 1542 647 496 154 66 2
2 2115 1543 647 496 154 66 2
2 2115 1544 647 496 154 66 2
2 2115 1545 647 496 154 66 2
2 2115 1546 647 496 154 66 2
2 2115 1547 647 496 154 66 2
2 2115 1548 647 496 154 66 2
2 2115 1549 647 496 154 66 2
2 2115 1550 647 496 154 66 2
2 2115 1551 647 496 154 66 2
2 2115 1552 647 496 154 66 2
2 2115 1553 647 496 154 66 2
2 2115 1554 647 496 154 66 2
2 2115 1555 647 496 154 66 2
2 2115 1556 647 496 154 66 2
2 2115 1557 647 496 154 66 2
2 2115 1558 647 496 154 66 2
2 2115 1559 647 496 154 66 2
2 2115 1560 647 496 154 66 2
2 2115 1561 647 496 154 66 2
2 2115 1562 647 496 154 66 2
2 2115 1563 647 496 154 66 2
2 2115 1564 647 496 154 66 2
2 2115 1565 647 496 154 66 2
2 2115 1566 647 496 154 66 2
2 2115 1567 647 496 154 66 2
2 2115 1568 647 496 154 66 2
2 2115 1569 647 496 154 66 2
2 2115 1570 647 496 154 66 2
2 2115 1571 647 496 154 66 2
2 2115 1572 647 496 154 66 2
2 2115 1573 647 496 154 66 2
2 2115 1574 647 496 154 66 2
2 2115 1575 647 496 154 66 2
2 2115 1576 647 496 154 66 2
2 2115 1577 647 496 154 66 2
2 2115 1578 647 496 154 66 2
2 2115 1579 647 496 154 66 2
2 2115 1580 647 496 154 66 2
2 2115 1581 647 496 154 66 2
2 2115 1582 647 496 154 66 2
2 2115 1583 647 496 154 66 2
2 2115 1584 647 496 154 66 2
2 2115 1585 647 496 154 66 2
2 2115 1586 647 496 154 66 2
2 2115 1587 647 496 154 66 2
2 2115 1588 647 496 154 66 2
2 2115 1589 647 496 154 66 2
2 2115 1590 647 496 154 66 2
2 2115 1591 647 496 154 66 2
2 2115 1592 647 496 154 66 2
2 2115 1593 647 496 154 66 2
2 2115 1594 647 496 154 66 2
2 2115 1595 647 496 154 66 2
2 2115 1596 647 496 154 66 2
2 2115 1597 647 496 154 66 2
2 2115 1598 647 496 154 66 2
2 2115 1599 647 496 154 66 2
2 2115 1600 647 496 154 66 2
2 2115 1601 647 496 154 66 2
2 2115 1602 647 496 154 66 2
2 2115 1603 647 496 154 66 2
2 2115 1604 647 496 154 66 2
2 2115 1605 647 496 154 66 2
2 2115 1606 647 496 154 66 2
2 2115 1607 647 496 154 66 2
2 2115 1608 647 496 154 66 2
2 2115 1609 647 496 154 66 2
2 2115 1610 647 496 154 66 2
2 2115 1611 647 496 154 66 2
2 2115 1612 647 496 154 66 2
2 2115 1613 647 496 154 66 2
2 2115 1614 647 496 154 66 2
2 2115 1615 647 496 154 66 2
2 2115 1616 647 496 154 66 2
2 2115 1617 647 496 154 66 2
2 2115 1618 647 496 154 66 2
2 2115 1619 647 496 154 66 2
2 2115 1620 647 496 154 66 2
2 2115 1621 647 496 154 66 2
2 2115 1622 647 496 154 66 2
2 2115 1623 647 496 154 66 2
2 2115 1624 647 496 154 66 2
2 2115 1625 647 496 154 66 2
2 2115 1626 647 496 154 66 2
2 2115 1627 647 496 154 66 2
2 2115 1628 647 496 154 66 2
2 2115 1629 647 496 154 66 2
2 2115 1630 647 496 154 66 2
2 2115 1631 647 496 154 66 2
2 2115 1632 647 496 154 66 2
2 2115 1633 647 496 154 66 2
2 2115 1634 647 496 154 66 2
2 2115 1635 647 496 154 66 2
2 2115 1636 647 496 154 66 2
2 2115 1637 647 496 154 66 2
2 2115 1638 647 496 154 66 2
2 2115 1639 647 496 154 66 2
2 2115 1640 647 496 154 66 2
2 2115 1641 647 496 154 66 2
2 2115 1642 647 496 154 66 2
2 2115 1643 647 496 154 66 2
2 2115 1644 647 496 154 66 2
2 2115 1645 647 496 154 66 2
2 2115 1646 647 496 154 66 2
2 2115 1647 647 496 154 66 2
2 2115 1648 647 496 154 66 2
2 2115 1649 647 496 154 66 2
2 2115 1650 647 496 154 66 2
2 2115 1651 647 496 154 66 2
2 2115 1652 647 496 154 66 2
2 2115 1653 647 496 154 66 2
2 2115 1654 647 496 154 66 2
2 2115 1655 647 496 154 66 2
2 2115 1656 647 496 154 66 2
2 2115 1657 647 496 154 66 2
2 2115 1658 647 496 154 66 2
2 2115 1659 647 496 154 66 2
2 2115 1660 647 496 154 66 2
2 2115 1661 647 496 154 66 2
2 2115 1662 647 496 154 66 2
2 2115 1663 647 496 154 66 2
2 2115 1664 647 496 154 66 2
2 2115 1665 647 496 154 66 2
2 2115 1666 647 496 154 66 2
2 2115 1667 647 496 154 66 2
2 2115 1668 647 496 154 66 2
2 2115 1669 647 496 154 66 2
2 2115 1670 647 496 154 66 2
2 2115 1671 647 496 154 66 2
2 2115 1672 647 496 154 66 2
2 2115 1673 647 496 154 66 2
2 2115 1674 647 496 154 66 2
2 2115 1675 647 496 154 66 2
2 2115 1676 647 496 154 66 2
2 2115 1677 647 496 154 66 2
2 2115 1678 647 496 154 66 2
2 2115 1679 647 496 154 66 2
2 2115 1680 647 496 154 66 2
2 2115 1681 647 496 154 66 2
2 2115 1682 647 496 154 66 2
2 2115 1683 647 496 154 66 2
2 2115 1684 647 496 154 66 2
2 2115 1685 647 496 154 66 2
2 2115 1686 647 496 154 66 2
2 2115 1687 647 496 154 66 2
2 2115 1688 647 496 154 66 2
2 2115 1689 647 496 154 66 2
2 2115 1690 647 496 154 66 2
2 2115 1691 647 496 154 66 2
2 2115 1692 647 496 154 66 2
2 2115 1693 647 496 154 66 2
2 2115 1694 647 496 154 66 2
2 2115 1695 647 496 154 66 2
2 2115 1696 647 496 154 66 2
2 2115 1697 647 496 154 66 2
2 2115 1698 647 496 154 66 2
2 2115 1699 647 496 154 66 2
2 2115 1700 647 496 154 66 2
2 2115 1701 647 496 154 66 2
2 2115 1702 647 496 154 66 2
2 2115 1703 647 496 154 66 2
2 2115 1704 647 496 154 66 2
2 2115 1705 647 496 154 66 2
2 2115 1706 647 496 154 66 2
2 2115 1707 647 496 154 66 2
2 2115 1708 647 496 154 66 2
2 2115 1709 647 496 154 66 2
2 2115 1710 647 496 154 66 2
2 2115 1711 647 496 154 66 2
2 2115 1712 647 496 154 66 2
2 2115 1713 647 496 154 66 2
2 2115 1714 647 496 154 66 2
2 2115 1715 647 496 154 66 2
2 2115 1716 647 496 154 66 2
2 2115 1717 647 496 154 66 2
2 2115 1718 647 496 154 66 2
2 2115 1719 647 496 154 66 2
2 2115 1720 647 496 154 66 2
2 2115 1721 647 496 154 66 2
2 2115 1722 647 496 154 66 2
2 2115 1723 647 496 154 66 2
2 2115 1724 647 496 154 66 2
2 2115 1725 647 496 154 66 2
2 2115 1726 647 496 154 66 2
2 2115 1727 647 496 154 66 2
2 2115 1728 647 496 154 66 2
2 2115 1729 647 496 154 66 2
2 2115 1730 647 496 154 66 2
2 2115 1731 647 496 154 66 2
2 2115 1732 647 496 154 66 2
2 2115 1733 647 496 154 66 2
2 2115 1734 647 496 154 66 2
2 2115 1735 647 496 154 66 2
2 2115 1736 647 496 154 66 2
2 2115 1737 647 496 154 66 2
2 2115 1738 647 496 154 66 2
2 2115 1739 647 496 154 66 2
2 2115 1740 647 496 154 66 2
2 2115 1741 647 496 154 66 2
2 2115 1742 647 496 154 66 2
2 2115 1743 647 496 154 66 2
2 2115 1744 647 496 154 66 2
2 2115 1745 647 496 154 66 2
2 2115 1746 647 496 154 66 2
2 2115 1747 647 496 154 66 2
2 2115 1748 647 496 154 66 2
2 2115 1749 647 496 154 66 2
2 2115 1750 647 496 154 66 2
2 2115 1751 647 496 154 66 2
2 2115 1752 647 496 154 66 2
2 2115 1753 647 496 154 66 2
2 2115 1754 647 496 154 66 2
2 2115 1755 647 496 154 66 2
2 2115 1756 647 496 154 66 2
2 2115 1757 647 496 154 66 2
2 2115 1758 647 496 154 66 2
2 2115 1759 647 496 154 66 2
2 2115 1760 647 496 154 66 2
2 2115 1761 647 496 154 66 2
2 2115 1762 647 496 154 66 2
2 2115 1763 647 496 154 66 2
2 2115 1764 647 496 154 66 2
2 2115 1765 647 496 154 66 2
2 2115 1766 647 496 154 66 2
2 2115 1767 647 496 154 66 2
2 2115 1768 647 496 154 66 2
2 2115 1769 647 496 154 66 2
2 2115 1770 647 496 154 66 2
2 2115 1771 647 496 154 66 2
2 2115 1772 647 496 154 66 2
2 2115 1773 647 496 154 66 2
2 2115 1774 647 496 154 66 2
2 2115 1775 647 496 154 66 2
2 2115 1776 647 496 154 66 2
2 2115 1777 647 496 154 66 2
2 2115 1778 647 496 154 66 2
2 2115 1779 647 496 154 66 2
2 2115 1780 647 496 154 66 2
2 2115 1781 647 496 154 66 2
2 2115 1782 647 496 154 66 2
2 2115 1783 647 496 154 66 2
2 2115 1784 647 496 154 66 2
2 2115 1785 647 496 154 66 2
2 2115 1786 647 496 154 66 2
2 2115 1787 647 496 154 66 2
2 2115 1788 647 496 154 66 2
2 2115 1789 647 496 154 66 2
2 2115 1790 647 496 154 66 2
2 2115 1791 647 496 154 66 2
2 2115 1792 647 496 154 66 2
2 2115 1793 647 496 154 66 2
2 2115 1794 647 496 154 66 2
2 2115 1795 647 496 154 66 2
2 2115 1796 647 496 154 66 2
2 2115 1797 647 496 154 66 2
2 2115 1798 647 496 154 66 2
2 2115 1799 647 496 154 66 2
2 2115 1800 647 496 154 66 2
2 2115 1801 647 496 154 66 2
2 2115 1802 647 496 154 66 2
2 2115 1803 647 496 154 66 2
2 2115 1804 647 496 154 66 2
2 2115 1805 647 496 154 66 2
2 2115 1806 647 496 154 66 2
2 2115 1807 647 496 154 66 2
2 2115 1808 647 496 154 66 2
2 2115 1809 647 496 154 66 2
2 2115 1810 647 496 154 66 2
2 2115 1811 647 496 154 66 2
2 2115 1812 647 496 154 66 2
2 2115 1813 647 496 154 66 2
2 2115 1814 647 496 154 66 2
2 2115 1815 647 496 154 66 2
2 2115 1816 647 496 154 66 2
2 2115 1817 647 496 154 66 2
2 2115 1818 647 496 154 66 2
2 2115 1819 647 496 154 66 2
2 2115 1820 647 496 154 66 2
2 2115 1821 647 496 154 66 2
2 2115 1822 647 496 154 66 2
2 2115 1823 647 496 154 66 2
2 2115 1824 647 496 154 66 2
2 2115 1825 647 496 154 66 2
2 2115 1826 647 496 154 66 2
2 2115 1827 647 496 154 66 2
2 2115 1828 647 496 154 66 2
2 2115 1829 647 496 154 66 2
2 2115 1830 647 496 154 66 2
2 2115 1831 647 496 154 66 2
2 2115 1832 647 496 154 66 2
2 2115 1833 647 496 154 66 2
2 2115 1834 647 496 154 66 2
2 2115 1835 647 496 154 66 2
2 2115 1836 647 496 154 66 2
2 2115 1837 647 496 154 66 2
2 2115 1838 647 496 154 66 2
2 2115 1839 647 496 154 66 2
2 2115 1840 647 496 154 66 2
2 2115 1841 647 496 154 66 2
2 2115 1842 647 496 154 66 2
2 2115 1843 647 496 154 66 2
2 2115 1844 647 496 154 66 2
2 2115 1845 647 496 154 66 2
2 2115 1846 647 496 154 66 2
2 2115 1847 647 496 154 66 2
2 2115 1848 647 496 154 66 2
2 2115 1849 647 496 154 66 2
2 2115 1850 647 496 154 66 2
2 2115 1851 647 496 154 66 2
2 2115 1852 647 496 154 66 2
2 2115 1853 647 496 154 66 2
2 2115 1854 647 496 154 66 2
2 2115 1855 647 496 154 66 2
2 2115 1856 647 496 154 66 2
2 2115 1857 647 496 154 66 2
2 2115 1858 647 496 154 66 2
2 2115 1859 647 496 154 66 2
2 2115 1860 647 496 154 66 2
2 2115 1861 647 496 154 66 2
2 2115 1862 647 496 154 66 2
2 2115 1863 647 496 154 66 2
2 2115 1864 647 496 154 66 2
2 2115 1865 647 496 154 66 2
2 2115 1866 647 496 154 66 2
2 2115 1867 647 496 154 66 2
2 2115 1868 647 496 154 66 2
2 2115 1869 647 496 154 66 2
2 2115 1870 647 496 154 66 2
2 2115 1871 647 496 154 66 2
2 2115 1872 647 496 154 66 2
2 2115 1873 647 496 154 66 2
2 2115 1874 647 496 154 66 2
2 2115 1875 647 496 154 66 2
2 2115 1876 647 496 154 66 2
2 2115 1877 647 496 154 66 2
2 2115 1878 647 496 154 66 2
2 2115 1879 647 496 154 66 2
2 2115 1880 647 496 154 66 2
2 2115 1881 647 496 154 66 2
2 2115 1882 647 496 154 66 2
2 2115 1883 647 496 154 66 2
2 2115 1884 647 496 154 66 2
2 2115 1885 647 496 154 66 2
2 2115 1886 647 496 154 66 2
2 2115 1887 647 496 154 66 2
2 2115 1888 647 496 154 66 2
2 2115 1889 647 496 154 66 2
2 2115 1890 647 496 154 66 2
2 2115 1891 647 496 154 66 2
2 2115 1892 647 496 154 66 2
2 2115 1893 647 496 154 66 2
2 2115 1894 647 496 154 66 2
2 2115 1895 647 496 154 66 2
2 2115 1896 647 496 154 66 2
2 2115 1897 647 496 154 66 2
2 2115 1898 647 496 154 66 2
2 2115 1899 647 496 154 66 2
2 2115 1900 647 496 154 66 2
2 2115 1901 647 496 154 66 2
2 2115 1902 647 496 154 66 2
2 2115 1903 647 496 154 66 2
2 2115 1904 647 496 154 66 2
2 2115 1905 647 496 154 66 2
2 2115 1906 647 496 154 66 2
2 2115 1907 647 496 154 66 2
2 2115 1908 647 496 154 66 2
2 2115 1909 647 496 154 66 2
2 2115 1910 647 496 154 66 2
2 2115 1911 647 496 154 66 2
2 2115 1912 647 496 154 66 2
2 2115 1913 647 496 154 66 2
2 2115 1914 647 496 154 66 2
2 2115 1915 647 496 154 66 2
2 2115 1916 647 496 154 66 2
2 2115 1917 647 496 154 66 2
2 2115 1918 647 496 154 66 2
2 2115 1919 647 496 154 66 2
2 2115 1920 647 496 154 66 2
2 2115 1921 647 496 154 66 2
2 2115 1922 647 496 154 66 2
2 2115 1923 647 496 154 66 2
2 2115 1924 647 496 154 66 2
2 2115 1925 647 496 154 66 2
2 2115 1926 647 496 154 66 2
2 2115 1927 647 496 154 66 2
2 2115 1928 647 496 154 66 2
2 2115 1929 647 496 154 66 2
2 2115 1930 647 496 154 66 2
2 2115 1931 647 496 154 66 2
2 2115 1932 647 496 154 66 2
2 2115 1933 647 496 154 66 2
2 2115 1934 647 496 154 66 2
2 2115 1935 647 496 154 66 2
2 2115 1936 647 496 154 66 2
2 2115 1937 647 496 154 66 2
2 2115 1938 647 496 154 66 2
2 2115 1939 647 496 154 66 2
2 2115 1940 647 496 154 66 2
2 2115 1941 647 496 154 66 2
2 2115 1942 647 496 154 66 2
2 2115 1943 647 496 154 66 2
2 2115 1944 647 496 154 66 2
2 2115 1945 647 496 154 66 2
2 2115 1946 647 496 154 66 2
2 2115 1947 647 496 154 66 2
2 2115 1948 647 496 154 66 2
2 2115 1949 647 496 154 66 2
2 2115 1950 647 496 154 66 2
2 2115 1951 647 496 154 66 2
2 2115 1952 647 496 154 66 2
2 2115 1953 647 496 154 66 2
2 2115 1954 647 496 154 66 2
2 2115 1955 647 496 154 66 2
2 2115 1956 647 496 154 66 2
2 2115 1957 647 496 154 66 2
2 2115 1958 647 496 154 66 2
2 2115 1959 647 496 154 66 2
2 2115 1960 647 496 154 66 2
2 2115 1961 647 496 154 66 2
2 2115 1962 647 496 154 66 2
2 2115 1963 647 496 154 66 2
2 2115 1964 647 496 154 66 2
2 2115 1965 647 496 154 66 2
2 2115 1966 647 496 154 66 2
2 2115 1967 647 496 154 66 2
2 2115 1968 647 496 154 66 2
2 2115 1969 647 496 154 66 2
2 2115 1970 647 496 154 66 2
2 2115 1971 647 496 154 66 2
2 2115 1972 647 496 154 66 2
2 2115 1973 647 496 154 66 2
2 2115 1974 647 496 154 66 2
2 2115 1975 647 496 154 66 2
2 2115 1976 647 496 154 66 2
2 2115 1977 647 496 154 66 2
2 2115 1978 647 496 154 66 2
2 2115 1979 647 496 154 66 2
2 2115 1980 647 496 154 66 2
2 2115 1981 647 496 154 66 2
2 2115 1982 647 496 154 66 2
2 2115 1983 647 496 154 66 2
2 2115 1984 647 496 154 66 2
2 2115 1985 647 496 154 66 2
2 2115 1986 647 496 154 66 2
2 2115 1987 647 496 154 66 2
2 2115 1988 647 496 154 66 2
2 2115 1989 647 496 154 66 2
2 2115 1990 647 496 154 66 2
2 2115 1991 647 496 154 66 2
2 2115 1992 647 496 154 66 2
2 2115 1993 647 496 154 66 2
2 2115 1994 647 496 154 66 2
2 2115 1995 647 496 154 66 2
2 2115 1996 647 496 154 66 2
2 2115 1997 647 496 154 66 2
2 2115 1998 647 496 154 66 2
2 2115 1999 647 496 154 66 2
2 2115 2000 647 496 154 66 2
2 2115 2001 647 496 154 66 2
2 2115 2002 647 496 154 66 2
2 2115 2003 647 496 154 66 2
2 2115 2004 647 496 154 66 2
2 2115 2005 647 496 154 66 2
2 2115 2006 647 496 154 66 2
2 2115 2007 647 496 154 66 2
2 2115 2008 647 496 154 66 2
2 2115 2009 647 496 154 66 2
2 2115 2010 647 496 154 66 2
2 2115 2011 647 496 154 66 2
2 2115 2012 647 496 154 66 2
2 2115 2013 647 496 154 66 2
2 2115 2014 647 496 154 66 2
2 2115 2015 647 496 154 66 2
2 2115 2016 647 496 154 66 2
2 2115 2017 647 496 154 66 2
2 2115 2018 647 496 154 66 2
2 2115 2019 647 496 154 66 2
2 2115 2020 647 496 154 66 2
2 2115 2021 647 496 154 66 2
2 2115 2022 647 496 154 66 2
2 2115 2023 647 496 154 66 2
2 2115 2024 647 496 154 66 2
2 2115 2025 647 496 154 66 2
2 2115 2026 647 496 154 66 2
2 2115 2027 647 496 154 66 2
2 2115 2028 647 496 154 66 2
2 2115 2029 647 496 154 66 2
2 2115 2030 647 496 154 66 2
2 2115 2031 647 496 154 66 2
2 2115 2032 647 496 154 66 2
2 2115 2033 647 496 154 66 2
2 2115 2034 647 496 154 66 2
2 2115 2035 647 496 154 66 2
2 2115 2036 647 496 154 66 2
2 2115 2037 647 496 154 66 2
2 2115 2038 647 496 154 66 2
2 2115 2039 647 496 154 66 2
2 2115 2040 647 496 154 66 2
2 2115 2041 647 496 154 66 2
2 2115 2042 647 496 154 66 2
2 2115 2043 647 496 154 66 2
2 2115 2044 647 496 154 66 2
2 2115 2045 647 496 154 66 2
2 2115 2046 647 496 154 66 2
2 2115 2047 647 496 154 66 2
2 2115 2048 647 496 154 66 2
2 2115 2049 647 496 154 66 2
2 2115 2050 647 496 154 66 2
2 2115 2051 647 496 154 66 2
2 2115 2052 647 496 154 66 2
2 2115 2053 647 496 154 66 2
2 2115 2054 647 496 154 66 2
2 2115 2055 647 496 154 66 2
2 2115 2056 647 496 154 66 2
2 2115 2057 647 496 154 66 2
2 2115 2058 647 496 154 66 2
2 2115 2059 647 496 154 66 2
2 2115 2060 647 496 154 66 2
2 2115 2061 647 496 154 66 2
2 2115 2062 647 496 154 66 2
2 2115 2063 647 496 154 66 2
2 2115 2064 647 496 154 66 2
2 2115 2065 647 496 154 66 2
2 2115 2066 647 496 154 66 2
2 2115 2067 647 496 154 66 2
2 2115 2068 647 496 154 66 2
2 2115 2069 647 496 154 66 2
2 2115 2070 647 496 154 66 2
2 2115 2071 647 496 154 66 2
2 2115 2072 647 496 154 66 2
2 2115 2073 647 496 154 66 2
2 2115 2074 647 496 154 66 2
2 2115 2075 647 496 154 66 2
2 2115 2076 647 496 154 66 2
2 2115 2077 647 496 154 66 2
2 2115 2078 647 496 154 66 2
2 2115 2079 647 496 154 66 2
2 2115 2080 647 496 154 66 2
2 2115 2081 647 496 154 66 2
2 2115 2082 647 496 154 66 2
2 2115 2083 647 496 154 66 2
2 2115 2084 647 496 154 66 2
2 2115 2085 647 496 154 66 2
2 2115 2086 647 496 154 66 2
2 2115 2087 647 496 154 66 2
2 2115 2088 647 496 154 66 2
2 2115 2089 647 496 154 66 2
2 2115 2090 647 496 154 66 2
2 2115 2091 647 496 154 66 2
2 2115 2092 647 496 154 66 2
2 2115 2093 647 496 154 66 2
2 2115 2094 647 496 154 66 2
2 2115 2095 647 496 154 66 2
2 2115 2096 647 496 154 66 2
2 2115 2097 647 496 154 66 2
2 2115 2098 647 496 154 66 2
2 2115 2099 647 496 154 66 2
2 2115 2100 647 496 154 66 2
2 2115 2101 647 496 154 66 2
2 2115 2102 647 496 154 66 2
2 2115 2103 647 496 154 66 2
2 2115 2104 647 496 154 66 2
2 2115 2105 647 496 154 66 2
2 2115 2106 647 496 154 66 2
2 2115 2107 647 496 154 66 2
2 2115 2108 647 496 154 66 2
2 2115 2109 647 496 154 66 2
2 2115 2110 647 496 154 66 2
2 2115 2111 647 496 154 66 2
2 2115 2112 647 496 154 66 2
2 2115 2113 647 496 154 66 2
2 2115 2114 647 496 154 66 2
3 944 1171 688 490 35 16 1
3 944 1172 688 490 35 16 1
3 944 1173 687 489 35 16 1
3 944 1174 687 489 35 16 1
3 944 1175 687 489 35 16 1
3 944 1176 687 489 34 16 1
3 944 1177 687 489 34 16 1
3 944 1178 687 488 34 17 1
3 944 1179 686 488 35 17 1
3 944 1180 686 488 34 17 1
3 944 1181 686 488 34 17 1
3 944 1182 686 488 34 17 1
3 944 1183 686 488 34 17 1
3 944 1184 686 487 33 18 1
3 944 1185 686 487 33 18 1
3 944 1186 685 487 34 18 1
3 944 1187 685 487 34 18 1
3 944 1188 685 487 34 18 1
3 944 1189 685 487 33 18 1
3 944 1190 685 486 33 19 1
3 944 1191 685 486 33 19 1
3 944 1192 684 486 34 19 1
3 944 1193 684 486 33 19 1
3 944 1194 684 486 33 18 1
3 944 1195 684 485 33 19 1
3 944 1196 684 485 33 19 1
3 944 1197 684 485 32 19 1
3 944 1198 684 485 32 19 1
3 944 1199 683 485 33 19 1
3 944 1200 683 485 33 19 1
3 944 1201 683 484 32 20 1
3 944 1202 683 484 32 20 1
3 944 1203 683 484 32 20 1
3 944 1204 683 484 32 20 1
3 944 1205 682 484 32 20 1
3 944 1206 682 483 32 21 1
3 944 1207 682 483 32 21 1
3 944 1208 682 483 32 21 1
3 944 1209 682 483 31 21 1
3 944 1210 682 483 31 21 1
3 944 1211 681 483 32 21 1
3 944 1212 681 482 32 22 1
3 944 1213 681 482 31 22 1
3 944 1214 681 482 31 22 1
3 944 1215 681 482 31 22 1
3 944 1216 681 482 31 22 1
3 944 1217 681 482 31 22 1
3 944 1218 681 482 31 22 1
3 944 1219 681 482 31 22 1
3 944 1220 681 482 31 22 1
3 944 1221 681 482 31 22 1
3 944 1222 681 482 31 22 1
3 944 1223 681 482 31 22 1
3 944 1224 681 482 31 22 1
3 944 1225 681 482 31 22 1
3 944 1226 681 482 31 22 1
3 944 1227 681 482 31 22 1
3 944 1228 681 482 31 22 1
3 944 1229 681 482 31 22 1
3 944 1230 681 482 31 22 1
3 944 1231 681 482 31 22 1
3 944 1232 681 482 31 22 1
3 944 1233 681 482 31 22 1
3 944 1234 681 482 31 22 1
3 944 1235 681 482 31 22 1
3 944 1236 681 482 31 22 1
3 944 1237 681 482 31 22 1
3 944 1238 681 482 31 22 1
3 944 1239 681 482 31 22 1
3 944 1240 681 482 31 22 1
3 944 1241 681 482 31 22 1
3 944 1242 681 482 31 22 1
3 944 1243 681 482 31 22 1
3 944 1244 681 482 31 22 1
3 944 1245 681 482 31 22 1
3 944 1246 681 482 31 22 1
3 944 1247 681 482 31 22 1
3 944 1248 681 483 31 22 1
3 944 1249 681 483 31 22 1
3 944 1250 681 483 31 22 1
3 944 1251 681 483 31 22 1
3 944 1252 681 483 31 22 1
3 944 1253 681 483 31 22 1
3 944 1254 681 483 31 22 1
3 944 1255 681 483 31 22 1
3 944 1256 681 483 31 22 1
3 944 1257 681 483 31 22 1
3 944 1258 681 483 31 22 1
3 944 1259 681 483 31 22 1
3 944 1260 681 483 31 22 1
3 944 1261 681 483 31 22 1
3 944 1262 681 483 31 22 1
3 944 1263 681 483 31 22 1
3 944 1264 681 483 31 22 1
3 944 1265 681 483 31 22 1
3 944 1266 681 483 31 22 1
3 944 1267 681 483 31 22 1
3 944 1268 681 483 31 22 1
3 944 1269 681 483 31 22 1
3 944 1270 681 483 31 22 1
3 944 1271 681 483 31 22 1
3 944 1272 681 483 31 22 1
3 944 1273 681 483 31 22 1
3 944 1274 681 483 31 22 1
3 944 1275 681 483 31 22 1
3 944 1276 681 483 31 22 1
3 944 1277 681 483 31 22 1
3 944 1278 681 484 31 22 1
3 944 1279 680 483 31 23 1
3 944 1280 680 483 31 23 1
3 944 1281 680 483 31 23 1
3 944 1282 679 483 31 23 1
3 944 1283 679 483 31 23 1
3 944 1284 679 483 31 23 1
3 944 1285 678 483 31 23 1
3 944 1286 678 483 31 23 1
3 944 1287 678 483 31 23 1
3 944 1288 677 483 32 23 1
3 944 1289 677 483 31 23 1
3 944 1290 677 483 31 23 1
3 944 1291 676 482 32 24 1
3 944 1292 676 482 31 24 1
3 944 1293 676 482 31 24 1
3 944 1294 675 482 32 24 1
3 944 1295 675 482 32 24 1
3 944 1296 675 482 31 24 1
3 944 1297 674 482 32 24 1
3 944 1298 674 482 32 24 1
3 944 1299 674 482 31 24 1
3 944 1300 673 482 32 24 1
3 944 1301 673 482 32 24 1
3 944 1302 673 482 31 24 1
3 944 1303 673 482 31 24 1
3 944 1304 672 481 32 25 1
3 944 1305 672 481 32 25 1
3 944 1306 672 481 31 25 1
3 944 1307 671 481 32 25 1
3 944 1308 671 481 32 25 1
3 944 1309 671 481 31 25 1
3 944 1310 670 481 32 25 1
3 944 1311 670 481 32 25 1
3 944 1312 670 481 32 25 1
3 944 1313 669 481 32 25 1
3 944 1314 669 481 32 25 1
3 944 1315 669 481 32 25 1
3 944 1316 668 480 32 26 1
3 944 1317 668 480 32 26 1
3 944 1318 668 480 32 26 1
3 944 1319 667 480 33 26 1
3 944 1320 667 480 32 26 1
3 944 1321 667 480 32 26 1
3 944 1322 666 480 33 26 1
3 944 1323 666 480 32 26 1
3 944 1324 666 480 32 26 1
3 944 1325 665 480 33 26 1
3 944 1326 665 480 33 26 1
3 944 1327 665 480 32 26 1
3 944 1328 664 480 33 26 1
3 944 1329 664 479 33 27 1
3 944 1330 664 479 32 27 1
3 944 1331 663 479 33 27 1
3 944 1332 663 479 33 27 1
3 944 1333 663 479 33 27 1
3 944 1334 662 479 33 27 1
3 944 1335 662 479 33 27 1
3 944 1336 662 479 33 27 1
3 944 1337 661 479 33 27 1
3 944 1338 661 479 33 27 1
3 944 1339 661 479 33 27 1
3 944 1340 661 479 33 28 1
3 944 1341 660 479 33 28 1
3 944 1342 660 479 32 29 1
3 944 1343 659 479 33 29 1
3 944 1344 659 479 32 30 1
3 944 1345 658 479 33 31 1
3 944 1346 658 479 32 31 1
3 944 1347 657 479 33 32 1
3 944 1348 657 479 32 33 1
3 944 1349 656 480 32 32 1
3 944 1350 656 480 32 33 1
3 944 1351 655 480 32 34 1
3 944 1352 655 480 32 34 1
3 944 1353 654 480 32 35 1
3 944 1354 654 480 32 36 1
3 944 1355 653 480 32 36 1
3 944 1356 653 480 32 37 1
3 944 1357 652 480 32 38 1
3 944 1358 652 481 31 38 1
3 944 1359 651 481 32 38 1
3 944 1360 651 481 31 39 1
3 944 1361 650 481 32 40 1
3 944 1362 650 481 31 40 1
3 944 1363 649 481 32 41 1
3 944 1364 649 481 31 42 1
3 944 1365 648 481 32 42 1
3 944 1366 648 481 31 43 1
3 944 1367 647 481 32 44 1
3 944 1368 647 481 31 44 1
3 944 1369 646 482 32 44 1
3 944 1370 646 482 31 45 1
3 944 1371 645 482 32 46 1
3 944 1372 645 482 31 46 1
3 944 1373 644 482 32 47 1
3 944 1374 644 482 31 48 1
3 944 1375 643 482 32 48 1
3 944 1376 643 482 31 49 1
3 944 1377 642 482 32 50 1
3 944 1378 641 482 32 51 1
3 944 1379 641 482 32 51 1
3 944 1380 640 482 32 52 1
3 944 1381 640 482 32 53 1
3 944 1382 639 482 32 54 1
3 944 1383 639 482 32 54 1
3 944 1384 638 482 32 55 1
3 944 1385 637 482 33 56 1
3 944 1386 637 482 32 57 1
3 944 1387 636 482 33 57 1
3 944 1388 636 482 33 58 1
3 944 1389 635 482 33 59 1
3 944 1390 635 482 33 60 1
3 944 1391 634 482 33 60 1
3 944 1392 633 482 34 61 1
3 944 1393 633 482 33 62 1
3 944 1394 632 482 34 63 1
3 944 1395 632 483 34 63 1
3 944 1396 632 483 34 63 1
3 944 1397 633 483 34 63 1
3 944 1398 634 483 34 63 1
3 944 1399 634 483 34 63 1
3 944 1400 635 484 34 63 1
3 944 1401 636 484 34 63 1
3 944 1402 636 484 34 63 1
3 944 1403 637 484 34 63 1
3 944 1404 638 484 34 63 1
3 944 1405 639 485 34 63 1
3 944 1406 639 485 34 63 1
3 944 1407 640 485 34 63 1
3 944 1408 641 485 34 63 1
3 944 1409 641 486 34 63 1
3 944 1410 642 486 34 63 1
3 944 1411 643 486 34 63 1
3 944 1412 643 486 34 63 1
3 944 1413 644 486 34 63 1
3 944 1414 645 487 34 63 1
3 944 1415 646 487 34 63 1
3 944 1416 646 487 34 63 1
3 944 1417 647 487 34 63 1
3 944 1418 648 488 34 63 1
3 944 1419 648 488 34 63 1
3 944 1420 649 488 34 63 1
3 944 1421 650 488 34 63 1
3 944 1422 650 488 34 63 1
3 944 1423 651 489 34 63 1
3 944 1424 652 489 34 63 1
3 944 1425 653 489 34 63 1
3 944 1426 653 489 34 63 1
3 944 1427 654 489 34 63 1
3 944 1428 655 490 34 63 1
3 944 1429 655 490 34 63 1
3 944 1430 656 490 34 63 1
3 944 1431 657 490 34 63 1
3 944 1432 657 491 34 63 1
3 944 1433 658 491 34 63 1
3 944 1434 659 491 34 63 1
3 944 1435 660 491 34 63 1
3 944 1436 660 491 34 63 1
3 944 1437 661 492 34 63 1
3 944 1438 662 492 34 63 1
3 944 1439 662 492 34 63 1
3 944 1440 663 492 34 63 1
3 944 1441 664 493 34 63 1
3 944 1442 664 493 34 63 1
3 944 1443 665 493 34 63 1
3 944 1444 666 493 34 63 1
3 944 1445 667 493 34 63 1
3 944 1446 667 494 34 63 1
3 944 1447 668 494 34 63 1
3 944 1448 669 494 34 63 1
3 944 1449 669 494 34 63 1
3 944 1450 670 495 34 63 1
3 944 1451 671 495 34 63 1
3 944 1452 671 495 34 63 1
3 944 1453 672 495 34 63 1
3 944 1454 673 495 34 63 1
3 944 1455 674 496 34 63 1
3 944 1456 674 496 34 63 1
3 944 1457 675 496 34 63 1
3 944 1458 676 496 34 63 1
3 944 1459 676 496 34 63 1
3 944 1460 677 497 34 63 1
3 944 1461 678 497 34 63 1
3 944 1462 678 497 34 63 1
3 944 1463 679 497 34 63 1
3 944 1464 680 498 34 63 1
3 944 1465 681 498 34 63 1
3 944 1466 681 498 34 63 1
3 944 1467 682 498 34 63 1
3 944 1468 683 498 34 63 1
3 944 1469 683 499 34 63 1
3 944 1470 684 499 34 63 1
3 944 1471 685 499 34 63 1
3 944 1472 685 499 34 63 1
3 944 1473 686 500 34 63 1
3 944 1474 687 500 34 63 1
3 944 1475 688 500 34 63 1
3 944 1476 688 500 34 63 1
3 944 1477 689 500 34 63 1
3 944 1478 690 501 34 63 1
3 944 1479 690 501 34 63 1
3 944 1480 691 501 34 63 1
3 944 1481 692 501 34 63 1
3 944 1482 693 502 34 63 1
3 944 1483 693 502 34 63 1
3 944 1484 694 502 34 63 1
3 944 1485 695 502 34 63 1
3 944 1486 696 502 34 63 1
3 944 1487 697 503 34 63 1
3 944 1488 698 503 34 63 1
3 944 1489 699 503 34 63 1
3 944 1490 700 503 34 63 1
3 944 1491 701 504 34 63 1
3 944 1492 702 504 34 63 1
3 944 1493 703 504 34 63 1
3 944 1494 704 504 34 63 1
3 944 1495 705 505 34 63 1
3 944 1496 706 505 34 63 1
3 944 1497 707 505 34 63 1
3 944 1498 708 505 34 63 1
3 944 1499 709 505 34 63 1
3 944 1500 710 506 34 63 1
3 944 1501 711 506 34 63 1
3 944 1502 712 506 34 63 1
3 944 1503 713 506 34 63 1
3 944 1504 714 507 34 63 1
3 944 1505 715 507 34 63 1
3 944 1506 716 507 34 63 1
3 944 1507 717 507 34 63 1
3 944 1508 718 508 34 63 1
3 944 1509 719 508 34 63 1
3 944 1510 720 508 34 63 1
3 944 1511 721 508 34 63 1
3 944 1512 722 508 34 63 1
3 944 1513 723 509 34 63 1
3 944 1514 724 509 34 63 1
3 944 1515 724 509 34 63 1
3 944 1516 725 509 34 63 1
3 944 1517 726 510 34 63 1
3 944 1518 727 510 34 63 1
3 944 1519 728 510 34 63 1
3 944 1520 729 510 34 63 1
3 944 1521 730 511 34 63 1
3 944 1522 731 511 34 63 1
3 944 1523 732 511 34 63 1
3 944 1524 733 511 34 63 1
3 944 1525 734 511 34 63 1
3 944 1526 735 512 34 63 1
3 944 1527 736 512 34 63 1
3 944 1528 737 512 34 63 1
3 944 1529 738 512 34 63 1
3 944 1530 739 513 34 63 1
3 944 1531 740 513 34 63 1
3 944 1532 741 513 34 63 1
3 944 1533 742 513 34 63 1
3 944 1534 743 514 34 63 1
3 944 1535 744 514 34 63 1
3 944 1536 745 514 34 63 1
3 944 1537 746 514 34 63 1
3 944 1538 747 514 34 63 1
3 944 1539 748 515 34 63 1
3 944 1540 749 515 34 63 1
3 944 1541 750 515 34 63 1
3 944 1542 751 515 34 63 1
3 944 1543 752 516 34 63 1
3 944 1544 753 516 34 63 1
3 944 1545 754 516 34 63 1
3 944 1546 755 516 34 63 1
3 944 1547 756 517 34 63 1
3 944 1548 755 517 34 63 1
3 944 1549 755 517 34 63 1
3 944 1550 755 517 34 64 1
3 944 1551 755 517 34 64 1
3 944 1552 755 518 34 63 1
3 944 1553 755 518 34 64 1
3 944 1554 755 518 34 64 1
3 944 1555 755 518 34 65 1
3 944 1556 755 519 33 64 1
3 944 1557 755 519 33 64 1
3 944 1558 754 519 34 65 1
3 944 1559 754 519 34 65 1
3 944 1560 754 519 34 66 1
3 944 1561 754 520 34 65 1
3 944 1562 754 520 34 65 1
3 944 1563 754 520 34 66 1
3 944 1564 754 520 34 66 1
3 944 1565 754 521 33 65 1
3 944 1566 754 521 33 66 1
3 944 1567 754 521 33 66 1
3 944 1568 753 521 34 67 1
3 944 1569 753 521 34 67 1
3 944 1570 753 522 34 66 1
3 944 1571 753 522 34 67 1
3 944 1572 753 522 34 67 1
3 944 1573 753 522 33 68 1
3 944 1574 753 523 33 67 1
3 944 1575 753 523 33 67 1
3 944 1576 753 523 33 68 1
3 944 1577 753 523 33 68 1
3 944 1578 753 523 33 68 1
3 944 1579 752 524 34 68 1
3 944 1580 752 524 34 68 1
3 944 1581 752 524 34 69 1
3 944 1582 752 524 33 69 1
3 944 1583 752 525 33 68 1
3 944 1584 752 525 33 69 1
3 944 1585 752 525 33 69 1
3 944 1586 752 525 33 70 1
3 944 1587 752 525 33 70 1
3 944 1588 752 526 33 69 1
3 944 1589 751 526 34 70 1
3 944 1590 751 526 33 70 1
3 944 1591 751 526 33 71 1
3 944 1592 751 527 33 70 1
3 944 1593 751 527 33 70 1
3 944 1594 751 527 33 71 1
3 944 1595 751 527 33 71 1
3 944 1596 751 527 33 71 1
3 944 1597 751 528 33 71 1
3 944 1598 751 528 33 71 1
3 944 1599 751 528 32 72 1
3 944 1600 750 528 33 72 1
3 944 1601 750 529 33 71 1
3 944 1602 750 529 33 72 1
3 944 1603 750 529 33 72 1
3 944 1604 750 529 33 73 1
3 944 1605 750 529 33 73 1
3 944 1606 750 530 33 72 1
3 944 1607 750 530 33 73 1
3 944 1608 750 530 32 73 1
3 944 1609 750 530 32 74 1
3 944 1610 749 531 33 73 1
3 944 1611 749 531 33 73 1
3 944 1612 749 531 33 74 1
3 944 1613 749 531 33 74 1
3 944 1614 749 531 33 74 1
3 944 1615 749 532 33 74 1
3 944 1616 749 532 33 74 1
3 944 1617 749 532 32 75 1
3 944 1618 749 532 32 75 1
3 944 1619 749 533 32 74 1
3 944 1620 748 533 33 75 1
3 944 1621 748 533 33 75 1
3 944 1622 748 533 33 76 1
3 944 1623 748 533 33 76 1
3 944 1624 748 534 33 75 1
3 944 1625 748 534 32 76 1
3 944 1626 748 534 32 76 1
3 944 1627 748 534 32 77 1
3 944 1628 748 535 32 76 1
3 944 1629 748 535 32 76 1
3 944 1630 747 535 33 77 1
3 944 1631 747 535 33 77 1
3 944 1632 747 535 33 78 1
3 944 1633 747 536 33 77 1
3 944 1634 747 536 32 77 1
3 944 1635 747 536 32 78 1
3 944 1636 747 536 32 78 1
3 944 1637 747 536 32 78 1
3 944 1638 747 537 32 78 1
3 944 1639 747 537 32 78 1
3 944 1640 746 537 33 79 1
3 944 1641 746 537 33 79 1
3 944 1642 746 538 33 78 1
3 944 1643 746 538 32 79 1
3 944 1644 746 538 32 79 1
3 944 1645 746 538 32 80 1
3 944 1646 746 538 32 80 1
3 944 1647 746 539 32 79 1
3 944 1648 746 539 32 80 1
3 944 1649 746 539 32 80 1
3 944 1650 745 539 33 81 1
3 944 1651 745 540 33 80 1
3 944 1652 745 540 32 80 1
3 944 1653 745 540 32 81 1
3 944 1654 745 540 32 81 1
3 944 1655 745 540 32 82 1
3 944 1656 745 541 32 81 1
3 944 1657 745 541 32 81 1
3 944 1658 745 541 32 82 1
3 944 1659 745 541 32 82 1
3 944 1660 745 542 32 82 1
3 944 1661 745 542 32 82 1
3 944 1662 745 542 32 83 1
3 944 1663 745 543 32 82 1
3 944 1664 745 543 33 83 1
3 944 1665 746 544 32 82 1
3 944 1666 746 544 32 83 1
3 944 1667 746 545 32 82 1
3 944 1668 746 545 33 83 1
3 944 1669 746 546 33 82 1
3 944 1670 747 546 32 83 1
3 944 1671 747 547 32 82 1
3 944 1672 747 547 33 83 1
3 944 1673 747 548 33 82 1
3 944 1674 747 548 33 83 1
3 944 1675 748 548 33 83 1
3 944 1676 748 549 33 83 1
3 944 1677 748 549 33 83 1
3 944 1678 748 550 33 83 1
3 944 1679 749 550 33 83 1
3 944 1680 749 551 33 83 1
3 944 1681 749 551 33 83 1
3 944 1682 749 552 33 83 1
3 944 1683 749 552 34 83 1
3 944 1684 750 553 33 83 1
3 944 1685 750 553 33 83 1
3 944 1686 750 554 34 83 1
3 944 1687 750 554 34 83 1
3 944 1688 750 555 34 83 1
3 944 1689 751 555 33 83 1
3 944 1690 751 555 34 84 1
3 944 1691 751 556 34 83 1
3 944 1692 751 556 34 84 1
3 944 1693 751 557 34 83 1
3 944 1694 752 557 34 84 1
3 944 1695 752 558 34 83 1
3 944 1696 752 558 34 84 1
3 944 1697 752 559 35 83 1
3 944 1698 753 559 34 84 1
3 944 1699 753 560 34 83 1
3 944 1700 753 560 34 84 1
3 944 1701 753 561 35 83 1
3 944 1702 753 561 35 84 1
3 944 1703 754 561 34 84 1
3 944 1704 754 562 34 84 1
3 944 1705 754 562 35 84 1
3 944 1706 754 563 35 84 1
3 944 1707 754 563 35 84 1
3 944 1708 755 564 35 84 1
3 944 1709 755 564 35 84 1
3 944 1710 755 565 35 84 1
3 944 1711 755 565 35 84 1
3 944 1712 756 566 35 84 1
3 944 1713 756 566 35 84 1
3 944 1714 756 567 35 84 1
3 944 1715 756 567 35 84 1
3 944 1716 756 567 36 85 1
3 944 1717 757 568 35 84 1
3 944 1718 757 568 35 85 1
3 944 1719 757 569 36 84 1
3 944 1720 757 569 36 85 1
3 944 1721 757 570 36 84 1
3 944 1722 758 570 35 85 1
3 944 1723 758 571 36 84 1
3 944 1724 758 571 36 85 1
3 944 1725 758 572 36 84 1
3 944 1726 758 572 36 85 1
3 944 1727 759 573 36 84 1
3 944 1728 759 573 36 85 1
3 944 1729 759 574 36 84 1
3 944 1730 759 574 37 85 1
3 944 1731 760 574 36 85 1
3 944 1732 760 575 36 85 1
3 944 1733 760 575 36 85 1
3 944 1734 760 576 37 85 1
3 944 1735 760 576 37 85 1
3 944 1736 761 577 36 85 1
3 944 1737 761 577 36 85 1
3 944 1738 761 578 37 85 1
3 944 1739 761 578 37 85 1
3 944 1740 761 579 37 85 1
3 944 1741 762 579 37 85 1
3 944 1742 762 580 37 85 1
3 944 1743 762 580 37 85 1
3 944 1744 762 580 37 86 1
3 944 1745 762 581 38 85 1
3 944 1746 763 581 37 86 1
3 944 1747 763 582 37 85 1
3 944 1748 763 582 37 86 1
3 944 1749 763 583 38 85 1
3 944 1750 764 583 37 86 1
3 944 1751 764 584 37 85 1
3 944 1752 764 584 37 86 1
3 944 1753 764 585 38 85 1
3 944 1754 764 585 38 86 1
3 944 1755 765 586 37 85 1
3 944 1756 765 586 38 86 1
3 944 1757 765 586 38 86 1
3 944 1758 765 587 38 86 1
3 944 1759 765 587 38 86 1
3 944 1760 766 588 38 86 1
3 944 1761 766 588 38 86 1
3 944 1762 766 589 38 86 1
3 944 1763 766 589 38 86 1
3 944 1764 766 590 39 86 1
3 944 1765 767 590 38 86 1
3 944 1766 767 591 38 86 1
3 944 1767 767 591 39 86 1
3 944 1768 767 592 39 86 1
3 944 1769 768 592 38 86 1
3 944 1770 768 592 38 87 1
3 944 1771 768 593 39 86 1
3 944 1772 768 593 39 87 1
3 944 1773 768 594 39 86 1
3 944 1774 769 594 38 87 1
3 944 1775 769 595 39 86 1
3 944 1776 769 595 39 87 1
3 944 1777 769 596 39 86 1
3 944 1778 769 596 40 87 1
3 944 1779 770 597 39 86 1
3 944 1780 770 597 39 87 1
3 944 1781 770 598 39 86 1
3 944 1782 770 598 40 87 1
3 944 1783 770 598 40 87 1
3 944 1784 771 599 39 87 1
3 944 1785 771 599 39 87 1
3 944 1786 771 600 40 87 1
3 944 1787 771 600 40 87 1
3 944 1788 772 601 39 87 1
3 944 1789 772 601 40 87 1
3 944 1790 772 602 40 87 1
3 944 1791 772 602 40 87 1
3 944 1792 772 603 40 87 1
3 944 1793 773 603 40 87 1
3 944 1794 773 604 40 87 1
3 944 1795 773 604 40 87 1
3 944 1796 773 604 40 88 1
3 944 1797 773 605 41 87 1
3 944 1798 774 605 40 88 1
3 944 1799 774 606 40 87 1
3 944 1800 774 606 41 88 1
3 944 1801 774 607 41 87 1
3 944 1802 774 607 41 88 1
3 944 1803 775 608 40 87 1
3 944 1804 775 608 41 88 1
3 944 1805 775 609 41 87 1
3 944 1806 775 609 41 88 1
3 944 1807 776 610 41 88 1
3 944 1808 777 610 41 88 1
3 944 1809 778 611 41 87 1
3 944 1810 779 611 41 88 1
3 944 1811 780 612 42 87 1
3 944 1812 782 612 41 88 1
3 944 1813 783 613 41 87 1
3 944 1814 784 613 41 88 1
3 944 1815 785 614 42 87 1
3 944 1816 786 614 42 88 1
3 944 1817 788 615 41 87 1
3 944 1818 789 616 41 87 1
3 944 1819 790 616 42 87 1
3 944 1820 791 617 42 87 1
3 944 1821 792 617 42 87 1
3 944 1822 794 618 41 87 1
3 944 1823 795 618 42 87 1
3 944 1824 796 619 42 87 1
3 944 1825 797 619 42 87 1
3 944 1826 798 620 42 87 1
3 944 1827 800 620 42 87 1
3 944 1828 801 621 42 87 1
3 944 1829 802 622 42 86 1
3 944 1830 803 622 42 87 1
3 944 1831 805 623 42 86 1
3 944 1832 806 623 42 87 1
3 944 1833 807 624 42 86 1
3 944 1834 808 624 42 87 1
3 944 1835 809 625 43 86 1
3 944 1836 811 625 42 87 1
3 944 1837 812 626 42 86 1
3 944 1838 813 627 42 86 1
3 944 1839 814 627 43 86 1
3 944 1840 815 628 43 86 1
3 944 1841 817 628 42 86 1
3 944 1842 818 629 43 86 1
3 944 1843 819 629 43 86 1
3 944 1844 820 630 43 86 1
3 944 1845 821 630 43 86 1
3 944 1846 823 631 43 86 1
3 944 1847 824 631 43 86 1
3 944 1848 825 632 43 86 1
3 944 1849 826 633 43 85 1
3 944 1850 828 633 43 86 1
3 944 1851 829 634 43 85 1
3 944 1852 830 634 43 85 1
3 944 1853 831 635 43 84 1
3 944 1854 832 635 44 84 1
3 944 1855 834 636 43 83 1
3 944 1856 835 636 43 83 1
3 944 1857 836 637 43 82 1
3 944 1858 837 637 44 82 1
3 944 1859 838 638 44 81 1
3 944 1860 840 639 43 80 1
3 944 1861 841 639 43 80 1
3 944 1862 842 640 44 79 1
3 944 1863 843 640 44 79 1
3 944 1864 844 641 44 78 1
3 944 1865 846 641 43 78 1
3 944 1866 847 642 44 77 1
3 944 1867 848 642 44 77 1
3 944 1868 849 643 44 76 1
3 944 1869 851 644 44 75 1
3 944 1870 855 645 44 74 1
3 944 1871 860 646 44 73 1
3 944 1872 864 647 44 72 1
3 944 1873 869 648 43 71 1
3 944 1874 873 649 43 70 1
3 944 1875 876 650 44 69 1
3 944 1876 880 651 44 68 1
3 944 1877 884 652 43 67 1
3 944 1878 887 653 44 66 1
3 944 1879 890 654 44 65 1
3 944 1880 894 655 43 64 1
3 944 1881 897 656 43 63 1
3 944 1882 899 657 44 62 1
3 944 1883 902 658 44 61 1
3 944 1884 905 659 43 60 1
3 944 1885 908 660 43 59 1
3 944 1886 910 660 44 59 1
3 944 1887 913 661 43 58 1
3 944 1888 915 662 43 57 1
3 944 1889 917 663 44 56 1
3 944 1890 919 664 44 55 1
3 944 1891 922 664 43 55 1
3 944 1892 924 665 43 54 1
3 944 1893 926 666 43 53 1
3 944 1894 928 666 43 53 1
3 944 1895 930 667 43 52 1
3 944 1896 931 668 44 51 1
3 944 1897 933 669 43 50 1
3 944 1898 935 669 43 50 1
3 944 1899 937 670 43 49 1
3 944 1900 938 671 44 48 1
3 944 1901 940 671 43 48 1
3 944 1902 941 672 44 47 1
3 944 1903 943 673 43 46 1
3 944 1904 944 673 44 46 1
3 944 1905 946 674 43 45 1
3 944 1906 947 674 44 45 1
3 944 1907 948 675 44 44 1
3 944 1908 950 676 43 43 1
3 944 1909 951 676 44 43 1
3 944 1910 952 677 44 42 1
3 944 1911 953 677 44 42 1
3 944 1912 955 678 43 41 1
3 944 1913 956 679 44 40 1
3 944 1914 957 679 44 40 1
3 944 1915 958 680 44 39 1
3 944 1916 959 680 44 39 1
3 944 1917 960 681 44 38 1
3 944 1918 961 681 44 38 1
3 944 1919 962 682 44 37 1
3 944 1920 963 682 44 37 1
3 944 1921 964 683 44 36 1
3 944 1922 965 683 44 36 1
3 944 1923 966 684 44 35 1
3 944 1924 967 685 44 34 1
3 944 1925 968 685 44 34 1
3 944 1926 969 686 44 33 1
3 944 1927 969 686 45 33 1
3 944 1928 970 687 45 32 1
3 944 1929 971 687 45 32 1
3 944 1930 972 687 45 32 1
3 944 1931 972 688 45 31 1
3 944 1932 973 688 45 31 1
3 944 1933 974 689 45 30 1
3 944 1934 975 689 45 30 1
3 944 1935 975 690 46 29 1
3 944 1936 976 690 45 29 1
3 944 1937 977 691 45 28 1
3 944 1938 977 691 46 28 1
3 944 1939 978 692 46 27 1
3 944 1940 979 692 45 27 1
3 944 1941 979 693 46 26 1
3 944 1942 980 693 46 26 1
3 944 1943 981 694 46 25 1
3 944 1944 981 694 46 25 1
3 944 1945 981 694 46 25 1
3 944 1946 981 694 46 25 1
3 944 1947 981 694 46 25 1
3 944 1948 981 694 46 25 1
3 944 1949 981 694 46 25 1
3 944 1950 981 694 46 25 1
3 944 1951 981 694 46 25 1
3 944 1952 981 694 46 25 1
3 944 1953 981 694 46 25 1
3 944 1954 981 694 46 25 1
3 944 1955 981 694 46 25 1
3 944 1956 981 694 46 25 1
3 944 1957 981 694 46 25 1
3 944 1958 981 694 46 25 1
3 944 1959 981 694 46 25 1
3 944 1960 981 694 46 25 1
3 944 1961 981 694 46 25 1
3 944 1962 981 694 46 25 1
3 944 1963 981 694 46 25 1
3 944 1964 981 694 46 25 1
3 944 1965 981 694 46 25 1
3 944 1966 981 694 46 25 1
3 944 1967 981 694 46 25 1
3 944 1968 981 694 46 25 1
3 944 1969 981 694 46 25 1
3 944 1970 981 694 46 25 1
3 944 1971 981 694 46 25 1
3 944 1972 981 694 46 25 1
3 944 1973 981 694 46 25 1
3 944 1974 981 694 46 25 1
3 944 1975 981 694 46 25 1
3 944 1976 981 694 46 25 1
3 944 1977 981 694 46 25 1
3 944 1978 981 694 46 25 1
3 944 1979 981 694 46 25 1
3 944 1980 981 694 46 25 1
3 944 1981 981 694 46 25 1
3 944 1982 981 694 46 25 1
3 944 1983 981 694 46 25 1
3 944 1984 981 694 46 25 1
3 944 1985 981 694 46 25 1
3 944 1986 981 694 46 25 1
3 944 1987 981 694 46 25 1
3 944 1988 981 694 46 25 1
3 944 1989 981 694 46 25 1
3 944 1990 981 694 46 25 1
3 944 1991 981 694 46 25 1
3 944 1992 981 694 46 25 1
3 944 1993 981 694 46 25 1
3 944 1994 981 694 46 25 1
3 944 1995 981 694 46 25 1
3 944 1996 981 694 46 25 1
3 944 1997 981 694 46 25 1
3 944 1998 981 694 46 25 1
3 944 1999 981 694 46 25 1
3 944 2000 981 694 46 25 1
3 944 2001 981 694 46 25 1
3 944 2002 981 694 46 25 1
3 944 2003 981 694 46 25 1
3 944 2004 981 694 46 25 1
3 944 2005 981 694 46 25 1
3 944 2006 981 694 46 25 1
3 944 2007 981 694 46 25 1
3 944 2008 981 694 46 25 1
3 944 2009 981 694 46 25 1
3 944 2010 981 694 46 25 1
3 944 2011 981 694 46 25 1
3 944 2012 981 694 46 25 1
3 944 2013 981 694 46 25 1
3 944 2014 981 694 46 25 1
3 944 2015 981 694 46 25 1
3 944 2016 981 694 46 25 1
3 944 2017 981 694 46 25 1
3 944 2018 981 694 46 25 1
3 944 2019 981 694 46 25 1
3 944 2020 981 694 46 25 1
3 944 2021 981 694 46 25 1
3 944 2022 981 694 46 25 1
3 944 2023 981 694 46 25 1
3 944 2024 981 694 46 25 1
3 944 2025 981 694 46 25 1
3 944 2026 981 694 46 25 1
3 944 2027 981 694 46 25 1
3 944 2028 981 694 46 25 1
3 944 2029 981 694 46 25 1
3 944 2030 981 694 46 25 1
3 944 2031 981 694 46 25 1
3 944 2032 981 694 46 25 1
3 944 2033 981 694 46 25 1
3 944 2034 981 694 46 25 1
3 944 2035 981 694 46 25 1
3 944 2036 981 694 46 25 1
3 944 2037 981 694 46 25 1
3 944 2038 981 694 46 25 1
3 944 2039 981 694 46 25 1
3 944 2040 981 694 46 25 1
3 944 2041 981 694 46 25 1
3 944 2042 981 694 46 25 1
3 944 2043 981 694 46 25 1
3 944 2044 981 694 46 25 1
3 944 2045 981 694 46 25 1
3 944 2046 981 694 46 25 1
3 944 2047 981 694 46 25 1
3 944 2048 981 694 46 25 1
3 944 2049 981 694 46 25 1
3 944 2050 981 694 46 25 1
3 944 2051 981 694 46 25 1
3 944 2052 981 694 46 25 1
3 944 2053 981 694 46 25 1
3 944 2054 981 694 46 25 1
3 944 2055 981 694 46 25 1
3 944 2056 981 694 46 25 1
3 944 2057 981 694 46 25 1
3 944 2058 981 694 46 25 1
3 944 2059 981 694 46 25 1
3 944 2060 981 694 46 25 1
3 944 2061 981 694 46 25 1
3 944 2062 981 694 46 25 1
3 944 2063 981 694 46 25 1
3 944 2064 981 694 46 25 1
3 944 2065 981 694 46 25 1
3 944 2066 981 694 46 25 1
3 944 2067 981 694 46 25 1
3 944 2068 981 694 46 25 1
3 944 2069 981 694 46 25 1
3 944 2070 981 694 46 25 1
3 944 2071 981 694 46 25 1
3 944 2072 981 694 46 25 1
3 944 2073 981 694 46 25 1
3 944 2074 981 694 46 25 1
3 944 2075 981 694 46 25 1
3 944 2076 981 694 46 25 1
3 944 2077 981 694 46 25 1
3 944 2078 981 694 46 25 1
3 944 2079 981 694 46 25 1
3 944 2080 981 694 46 25 1
3 944 2081 981 694 46 25 1
3 944 2082 981 694 46 25 1
3 944 2083 981 694 46 25 1
3 944 2084 981 694 46 25 1
3 944 2085 981 694 46 25 1
3 944 2086 981 694 46 25 1
3 944 2087 981 694 46 25 1
3 944 2088 981 694 46 25 1
3 944 2089 981 694 46 25 1
3 944 2090 981 694 46 25 1
3 944 2091 981 694 46 25 1
3 944 2092 981 694 46 25 1
3 944 2093 981 694 46 25 1
3 944 2094 981 694 46 25 1
3 944 2095 981 694 46 25 1
3 944 2096 981 694 46 25 1
3 944 2097 981 694 46 25 1
3 944 2098 981 694 46 25 1
3 944 2099 981 694 46 25 1
3 944 2100 981 694 46 25 1
3 944 2101 981 694 46 25 1
3 944 2102 981 694 46 25 1
3 944 2103 981 694 46 25 1
3 944 2104 981 694 46 25 1
3 944 2105 981 694 46 25 1
3 944 2106 981 694 46 25 1
3 944 2107 981 694 46 25 1
3 944 2108 981 694 46 25 1
3 944 2109 981 694 46 25 1
3 944 2110 981 694 46 25 1
3 944 2111 981 694 46 25 1
3 944 2112 981 694 46 25 1
3 944 2113 981 694 46 25 1
3 944 2114 981 694 46 25 1
