1280 720 30.0
7 82 0 813 610 120 82 2
7 82 1 811 611 120 82 2
7 82 2 809 612 120 82 2
7 82 3 807 613 120 82 2
7 82 4 805 614 120 82 2
7 82 5 804 615 120 82 2
7 82 6 802 616 120 82 2
7 82 7 800 617 120 82 2
7 82 8 798 618 120 82 2
7 82 9 796 619 121 82 2
7 82 10 795 620 120 82 2
7 82 11 793 621 120 82 2
7 82 12 791 622 120 82 2
7 82 13 789 623 121 82 2
7 82 14 787 624 121 82 2
7 82 15 786 625 120 82 2
7 82 16 784 627 120 82 2
7 82 17 782 628 120 82 2
7 82 18 780 629 121 82 2
7 82 19 778 630 121 82 2
7 82 20 777 631 120 82 2
7 82 21 775 632 120 82 2
7 82 22 773 633 121 82 2
7 82 23 771 634 121 82 2
7 82 24 769 635 121 82 2
7 82 25 768 636 120 82 2
7 82 26 766 637 121 82 2
7 82 27 764 638 121 81 2
7 82 28 762 639 121 80 2
7 82 29 760 640 121 79 2
7 82 30 759 642 121 77 2
7 82 31 756 643 121 76 2
7 82 32 753 645 121 74 2
7 82 33 750 647 121 72 2
7 82 34 747 648 121 71 2
7 82 35 744 650 121 69 2
7 82 36 741 652 121 67 2
7 82 37 738 653 121 66 2
7 82 38 735 655 121 64 2
7 82 39 732 657 121 62 2
7 82 40 729 658 121 61 2
7 82 41 726 660 121 59 2
7 82 42 723 662 121 57 2
7 82 43 720 663 121 56 2
7 82 44 717 665 121 54 2
7 82 45 714 667 121 52 2
7 82 46 711 668 121 51 2
7 82 47 708 670 121 49 2
7 82 48 705 672 121 47 2
7 82 49 702 673 121 46 2
7 82 50 699 675 121 44 2
7 82 51 696 677 121 42 2
7 82 52 693 678 121 41 2
7 82 53 690 680 121 39 2
7 82 54 687 682 121 37 2
7 82 55 684 683 121 36 2
7 82 56 681 685 121 34 2
7 82 57 678 687 121 32 2
7 82 58 675 688 121 31 2
7 82 59 672 690 121 29 2
7 82 60 669 692 121 27 2
7 82 61 666 693 121 26 2
7 82 62 663 695 121 24 2
7 82 63 661 697 121 22 2
7 82 64 657 699 121 20 2
7 82 65 653 701 121 18 2
7 82 66 649 703 121 16 2
7 82 67 646 705 121 14 2
7 82 68 642 707 121 12 2
7 82 69 638 709 121 10 2
7 82 70 634 711 121 8 2
7 82 71 631 713 121 6 2
7 82 72 627 715 121 4 2
7 82 73 623 717 121 2 2
8 256 1 1113 444 72 60 2
8 256 2 1111 445 73 60 2
8 256 3 1110 446 72 60 2
8 256 4 1108 446 73 61 2
8 256 5 1106 447 74 61 2
8 256 6 1104 448 74 61 2
8 256 7 1103 449 74 61 2
8 256 8 1101 449 75 62 2
8 256 9 1099 450 75 62 2
8 256 10 1097 451 76 62 2
8 256 11 1096 452 75 62 2
8 256 12 1094 453 76 62 2
8 256 13 1092 453 76 63 2
8 256 14 1090 454 77 63 2
8 256 15 1088 455 77 64 2
8 256 16 1086 456 78 64 2
8 256 17 1085 457 77 64 2
8 256 18 1083 458 78 64 2
8 256 19 1081 458 78 65 2
8 256 20 1079 459 78 65 2
8 256 21 1077 460 79 66 2
8 256 22 1075 461 79 66 2
8 256 23 1073 462 80 66 2
8 256 24 1071 463 80 66 2
8 256 25 1069 464 80 66 2
8 256 26 1067 465 81 67 2
8 256 27 1065 466 81 67 2
8 256 28 1063 467 81 67 2
8 256 29 1060 467 82 68 2
8 256 30 1058 467 82 69 2
8 256 31 1056 468 83 69 2
8 256 32 1054 469 83 69 2
8 256 33 1052 470 84 69 2
8 256 34 1051 471 83 69 2
8 256 35 1049 472 84 70 2
8 256 36 1047 473 85 70 2
8 256 37 1045 474 85 70 2
8 256 38 1043 475 86 70 2
8 256 39 1041 475 86 72 2
8 256 40 1039 476 86 72 2
8 256 41 1037 477 87 72 2
8 256 42 1035 478 87 72 2
8 256 43 1033 479 88 73 2
8 256 44 1032 480 87 73 2
8 256 45 1030 481 88 73 2
8 256 46 1028 482 88 74 2
8 256 47 1025 483 89 74 2
8 256 48 1023 484 90 74 2
8 256 49 1021 485 90 75 2
8 256 50 1019 486 90 75 2
8 256 51 1017 487 91 75 2
8 256 52 1015 488 91 76 2
8 256 53 1013 489 91 76 2
8 256 54 1011 491 91 76 2
8 256 55 1009 492 92 76 2
8 256 56 1006 493 93 77 2
8 256 57 1004 494 93 77 2
8 256 58 1002 495 93 78 2
8 256 59 1000 496 93 78 2
8 256 60 997 497 95 79 2
8 256 61 995 498 95 79 2
8 256 62 993 500 95 79 2
8 256 63 990 501 96 79 2
8 256 64 988 502 96 80 2
8 256 65 986 503 96 80 2
8 256 66 983 504 97 81 2
8 256 67 981 506 97 81 2
8 256 68 978 507 98 81 2
8 256 69 976 508 98 82 2
8 256 70 973 510 99 81 2
8 256 71 971 511 99 82 2
8 256 72 968 512 100 83 2
8 256 73 966 514 100 83 2
8 256 74 964 514 100 84 2
8 256 75 962 515 101 84 2
8 256 76 960 516 101 84 2
8 256 77 958 517 102 84 2
8 256 78 956 517 102 86 2
8 256 79 954 518 103 86 2
8 256 80 953 519 102 86 2
8 256 81 951 520 103 86 2
8 256 82 949 521 104 86 2
8 256 83 947 521 104 88 2
8 256 84 945 522 105 88 2
8 256 85 943 523 105 88 2
8 256 86 941 524 106 88 2
8 256 87 940 525 106 89 2
8 256 88 937 525 106 90 2
8 256 89 935 526 106 90 2
8 256 90 932 527 107 90 2
8 256 91 930 528 107 91 2
8 256 92 927 529 108 91 2
8 256 93 925 530 109 92 2
8 256 94 923 530 109 91 2
8 256 95 921 529 110 92 2
8 256 96 919 529 110 92 2
8 256 97 917 530 111 92 2
8 256 98 916 531 111 92 2
8 256 99 914 532 112 92 2
8 256 100 913 532 111 93 2
8 256 101 911 533 112 93 2
8 256 102 909 534 113 93 2
8 256 103 908 535 113 93 2
8 256 104 906 535 113 94 2
8 256 105 905 536 113 94 2
8 256 106 903 537 114 94 2
8 256 107 901 538 115 94 2
8 256 108 900 539 115 94 2
8 256 109 898 539 115 95 2
8 256 110 897 540 115 95 2
8 256 111 895 541 116 95 2
8 256 112 893 542 117 95 2
8 256 113 892 542 116 96 2
8 256 114 890 543 117 96 2
8 256 115 889 544 117 96 2
8 256 116 887 545 118 96 2
8 256 117 885 545 118 97 2
8 256 118 883 545 118 97 2
8 256 119 882 546 118 97 2
8 256 120 880 547 119 97 2
8 256 121 879 547 119 98 2
8 256 122 877 548 120 98 2
8 256 123 876 549 120 98 2
8 256 124 874 549 121 99 2
8 256 125 873 550 121 99 2
8 256 126 871 551 122 99 2
8 256 127 870 551 122 100 2
8 256 128 868 552 123 100 2
8 256 129 866 552 123 100 2
8 256 130 864 552 124 100 2
8 256 131 863 553 124 100 2
8 256 132 862 553 124 101 2
8 256 133 860 554 125 101 2
8 256 134 859 555 125 101 2
8 256 135 858 555 125 102 2
8 256 136 857 556 125 102 2
8 256 137 855 556 127 103 2
8 256 138 854 557 127 103 2
8 256 139 853 558 127 103 2
8 256 140 851 558 128 103 2
8 256 141 850 559 128 103 2
8 256 142 849 560 128 103 2
8 256 143 848 560 128 104 2
8 256 144 846 561 130 104 2
8 256 145 845 561 130 105 2
8 256 146 844 562 130 105 2
8 256 147 842 563 131 105 2
8 256 148 841 563 131 106 2
8 256 149 840 564 131 106 2
8 256 150 839 565 132 106 2
8 256 151 837 565 132 107 2
8 256 152 835 566 133 107 2
8 256 153 834 567 133 107 2
8 256 154 832 568 134 107 2
8 256 155 831 568 133 108 2
8 256 156 829 569 134 108 2
8 256 157 827 570 135 108 2
8 256 158 826 571 135 108 2
8 256 159 824 571 136 109 2
8 256 160 823 572 135 109 2
8 256 161 821 573 136 109 2
8 256 162 819 574 137 109 2
8 256 163 818 574 137 110 2
8 256 164 816 575 138 110 2
8 256 165 814 576 138 110 2
8 256 166 813 577 138 110 2
8 256 167 811 577 139 111 2
8 256 168 810 578 139 111 2
8 256 169 808 579 140 111 2
8 256 170 806 580 140 111 2
8 256 171 805 580 140 112 2
8 256 172 803 581 141 112 2
8 256 173 802 582 141 112 2
8 256 174 800 583 142 112 2
8 256 175 798 583 142 113 2
8 256 176 796 585 142 113 2
8 256 177 793 586 143 113 2
8 256 178 791 587 143 114 2
8 256 179 788 588 144 114 2
8 256 180 786 589 144 114 2
8 256 181 783 590 145 115 2
8 256 182 780 591 146 115 2
8 256 183 778 592 146 115 2
8 256 184 775 593 147 116 2
8 256 185 773 594 146 116 2
8 256 186 770 595 147 116 2
8 256 187 767 596 148 117 2
8 256 188 765 597 148 117 2
8 256 189 762 598 149 117 2
8 256 190 760 599 149 118 2
8 256 191 757 600 150 118 2
8 256 192 754 600 151 119 2
8 256 193 752 601 151 118 2
8 256 194 749 602 152 117 2
8 256 195 746 603 152 116 2
8 256 196 743 604 152 115 2
8 256 197 740 606 152 113 2
8 256 198 737 608 153 111 2
8 256 199 734 610 153 109 2
8 256 200 731 612 153 107 2
8 256 201 728 614 154 105 2
8 256 202 725 616 154 103 2
8 256 203 722 617 155 102 2
8 256 204 719 619 155 100 2
8 256 205 716 621 155 98 2
8 256 206 713 623 156 96 2
8 256 207 711 625 155 94 2
8 256 208 708 627 156 92 2
8 256 209 705 629 156 90 2
8 256 210 702 631 156 88 2
8 256 211 699 632 157 87 2
8 256 212 696 634 157 85 2
8 256 213 693 636 158 83 2
8 256 214 690 638 158 81 2
8 256 215 687 640 158 79 2
8 256 216 684 642 159 77 2
8 256 217 681 644 159 75 2
8 256 218 679 646 159 73 2
8 256 219 675 648 159 71 2
8 256 220 672 650 159 69 2
8 256 221 669 653 159 66 2
8 256 222 666 655 159 64 2
8 256 223 663 657 159 62 2
8 256 224 660 660 159 59 2
8 256 225 657 662 159 57 2
8 256 226 654 664 159 55 2
8 256 227 651 667 158 52 2
8 256 228 648 669 158 50 2
8 256 229 645 671 158 48 2
8 256 230 642 674 158 45 2
8 256 231 639 676 158 43 2
8 256 232 636 678 158 41 2
8 256 233 633 681 158 38 2
8 256 234 630 683 158 36 2
8 256 235 627 685 158 34 2
8 256 236 623 689 158 30 2
8 256 237 620 692 158 27 2
8 256 238 617 695 158 24 2
8 256 239 614 698 158 21 2
8 256 240 611 701 158 18 2
8 256 241 607 704 158 15 2
8 256 242 604 707 158 12 2
8 256 243 601 710 158 9 2
8 256 244 598 713 158 6 2
8 256 245 595 716 158 3 2
9 343 675 157 379 20 24 1
9 343 676 157 379 20 24 1
9 343 677 157 379 20 24 1
9 343 678 157 379 20 25 1
9 343 679 157 379 20 25 1
9 343 680 157 378 20 26 1
9 343 681 157 378 20 26 1
9 343 682 157 378 20 27 1
9 343 683 157 378 20 27 1
9 343 684 157 378 20 27 1
9 343 685 157 377 20 28 1
9 343 686 157 377 20 29 1
9 343 687 157 377 20 29 1
9 343 688 157 377 20 29 1
9 343 689 157 377 20 30 1
9 343 690 157 376 20 31 1
9 343 691 157 376 20 31 1
9 343 692 157 376 20 31 1
9 343 693 157 376 20 32 1
9 343 694 157 375 20 33 1
9 343 695 157 375 20 33 1
9 343 696 157 375 20 34 1
9 343 697 157 375 20 34 1
9 343 698 157 375 20 34 1
9 343 699 157 374 20 35 1
9 343 700 157 374 20 36 1
9 343 701 157 374 20 36 1
9 343 702 157 374 21 36 1
9 343 703 157 373 21 38 1
9 343 704 157 373 21 38 1
9 343 705 157 373 21 38 1
9 343 706 157 373 21 39 1
9 343 707 156 372 22 40 1
9 343 708 156 372 22 40 1
9 343 709 156 372 22 41 1
9 343 710 156 372 22 41 1
9 343 711 156 371 22 42 1
9 343 712 156 371 22 43 1
9 343 713 156 371 22 43 1
9 343 714 156 370 22 44 1
9 343 715 156 370 22 45 1
9 343 716 156 370 23 45 1
9 343 717 156 370 23 45 1
9 343 718 156 369 23 47 1
9 343 719 157 370 23 47 1
9 343 720 157 370 23 47 1
9 343 721 157 370 23 47 1
9 343 722 157 370 24 47 1
9 343 723 158 370 23 47 1
9 343 724 158 370 23 47 1
9 343 725 158 370 24 47 1
9 343 726 159 370 23 47 1
9 343 727 159 370 23 47 1
9 343 728 159 370 24 47 1
9 343 729 160 370 23 47 1
9 343 730 160 370 24 48 1
9 343 731 160 370 24 48 1
9 343 732 161 370 23 48 1
9 343 733 161 370 24 48 1
9 343 734 161 370 24 48 1
9 343 735 162 370 23 48 1
9 343 736 162 370 24 48 1
9 343 737 162 370 24 48 1
9 343 738 163 370 23 48 1
9 343 739 163 370 24 48 1
9 343 740 163 370 24 49 1
9 343 741 164 370 24 49 1
9 343 742 164 370 24 49 1
9 343 743 164 370 24 49 1
9 343 744 165 370 24 49 1
9 343 745 165 370 24 49 1
9 343 746 165 370 24 49 1
9 343 747 166 370 24 49 1
9 343 748 166 371 24 48 1
9 343 749 166 371 24 48 1
9 343 750 167 371 24 49 1
9 343 751 167 371 24 49 1
9 343 752 167 371 25 49 1
9 343 753 167 371 25 49 1
9 343 754 168 371 24 49 1
9 343 755 168 371 25 49 1
9 343 756 168 371 25 49 1
9 343 757 169 371 24 49 1
9 343 758 169 371 25 49 1
9 343 759 169 371 25 49 1
9 343 760 170 371 25 50 1
9 343 761 170 371 25 50 1
9 343 762 170 371 25 50 1
9 343 763 171 371 25 50 1
9 343 764 171 371 25 50 1
9 343 765 171 371 25 50 1
9 343 766 172 371 25 50 1
9 343 767 172 371 25 50 1
9 343 768 172 371 25 50 1
9 343 769 173 371 25 50 1
9 343 770 173 371 25 51 1
9 343 771 173 371 26 51 1
9 343 772 174 371 25 51 1
9 343 773 174 371 25 51 1
9 343 774 174 371 26 51 1
9 343 775 175 371 25 51 1
9 343 776 175 371 25 51 1
9 343 777 175 371 26 51 1
9 343 778 176 372 25 50 1
9 343 779 176 372 25 50 1
9 343 780 176 372 26 51 1
9 343 781 177 372 25 51 1
9 343 782 177 372 26 51 1
9 343 783 177 372 26 51 1
9 343 784 177 372 26 51 1
9 343 785 178 372 26 51 1
9 343 786 178 372 26 51 1
9 343 787 178 372 26 51 1
9 343 788 179 372 26 51 1
9 343 789 179 372 26 51 1
9 343 790 179 372 27 52 1
9 343 791 180 372 26 52 1
9 343 792 180 372 26 52 1
9 343 793 180 372 27 52 1
9 343 794 181 372 26 52 1
9 343 795 181 372 26 52 1
9 343 796 181 372 27 52 1
9 343 797 182 372 26 52 1
9 343 798 182 372 26 52 1
9 343 799 182 372 27 52 1
9 343 800 183 372 26 53 1
9 343 801 183 372 27 53 1
9 343 802 183 372 27 53 1
9 343 803 184 372 26 53 1
9 343 804 184 372 27 53 1
9 343 805 184 372 27 53 1
9 343 806 185 372 26 53 1
9 343 807 185 372 27 53 1
9 343 808 185 372 27 53 1
9 343 809 186 373 27 53 1
9 343 810 185 373 27 53 1
9 343 811 185 373 27 53 1
9 343 812 185 373 27 53 1
9 343 813 185 373 27 53 1
9 343 814 185 373 27 53 1
9 343 815 185 373 27 53 1
9 343 816 185 373 27 54 1
9 343 817 184 373 28 54 1
9 343 818 184 373 27 54 1
9 343 819 184 373 27 54 1
9 343 820 184 373 27 54 1
9 343 821 184 373 27 54 1
9 343 822 184 373 27 54 1
9 343 823 184 373 27 55 1
9 343 824 184 373 27 55 1
9 343 825 183 373 28 55 1
9 343 826 183 373 28 55 1
9 343 827 183 374 27 54 1
9 343 828 183 374 27 54 1
9 343 829 183 374 27 54 1
9 343 830 183 374 27 55 1
9 343 831 183 374 27 55 1
9 343 832 183 374 27 55 1
9 343 833 182 374 28 55 1
9 343 834 182 374 28 55 1
9 343 835 182 374 28 55 1
9 343 836 182 374 27 55 1
9 343 837 182 374 27 56 1
9 343 838 182 374 27 56 1
9 343 839 182 374 27 56 1
9 343 840 181 374 28 56 1
9 343 841 181 374 28 56 1
9 343 842 181 374 28 56 1
9 343 843 181 374 28 57 1
9 343 844 181 374 28 57 1
9 343 845 181 375 27 56 1
9 343 846 181 375 27 56 1
9 343 847 181 375 27 56 1
9 343 848 180 375 28 56 1
9 343 849 180 375 28 56 1
9 343 850 180 375 28 57 1
9 343 851 180 375 28 57 1
9 343 852 180 375 28 57 1
9 343 853 180 375 28 57 1
9 343 854 180 375 27 57 1
9 343 855 180 375 27 57 1
9 343 856 179 375 28 57 1
9 343 857 179 375 28 58 1
9 343 858 179 375 28 58 1
9 343 859 179 375 28 58 1
9 343 860 179 375 28 58 1
9 343 861 179 375 28 58 1
9 343 862 179 375 28 58 1
9 343 863 179 376 28 58 1
9 343 864 178 376 28 58 1
9 343 865 177 376 28 58 1
9 343 866 176 376 28 58 1
9 343 867 175 376 28 58 1
9 343 868 174 376 28 58 1
9 343 869 173 376 28 58 1
9 343 870 172 376 28 58 1
9 343 871 171 376 28 58 1
9 343 872 171 376 28 58 1
9 343 873 170 376 28 58 1
9 343 874 169 376 28 58 1
9 343 875 168 376 28 58 1
9 343 876 167 376 28 58 1
9 343 877 166 376 28 58 1
9 343 878 165 376 28 58 1
9 343 879 164 376 28 58 1
9 343 880 163 376 28 58 1
9 343 881 163 376 28 58 1
9 343 882 162 376 28 58 1
9 343 883 161 376 28 58 1
9 343 884 160 376 28 58 1
9 343 885 159 376 28 58 1
9 343 886 158 376 28 58 1
9 343 887 157 376 28 58 1
9 343 888 156 376 28 58 1
9 343 889 155 376 28 58 1
9 343 890 155 376 28 58 1
9 343 891 154 376 28 58 1
9 343 892 153 376 28 58 1
9 343 893 153 376 28 58 1
9 343 894 152 376 28 58 1
9 343 895 152 376 28 58 1
9 343 896 151 376 28 58 1
9 343 897 151 376 28 58 1
9 343 898 150 376 28 58 1
9 343 899 150 376 28 58 1
9 343 900 149 376 28 58 1
9 343 901 149 376 28 58 1
9 343 902 148 376 28 58 1
9 343 903 148 376 28 59 1
9 343 904 147 376 28 59 1
9 343 905 147 376 28 59 1
9 343 906 146 376 28 59 1
9 343 907 146 376 28 59 1
9 343 908 145 376 28 59 1
9 343 909 144 376 29 59 1
9 343 910 144 376 28 59 1
9 343 911 143 376 29 59 1
9 343 912 143 376 28 59 1
9 343 913 142 376 29 59 1
9 343 914 142 376 28 59 1
9 343 915 141 376 29 60 1
9 343 916 141 376 28 60 1
9 343 917 140 376 29 60 1
9 343 918 140 376 28 60 1
9 343 919 139 376 29 60 1
9 343 920 139 376 28 60 1
9 343 921 138 376 29 60 1
9 343 922 138 376 28 60 1
9 343 923 137 376 29 60 1
9 343 924 137 376 28 60 1
9 343 925 136 376 29 60 1
9 343 926 136 376 29 61 1
9 343 927 135 376 29 61 1
9 343 928 134 376 29 61 1
9 343 929 134 376 29 61 1
9 343 930 133 376 29 61 1
9 343 931 132 376 29 61 1
9 343 932 132 377 29 61 1
9 343 933 131 377 29 61 1
9 343 934 130 377 29 61 1
9 343 935 130 377 29 61 1
9 343 936 129 377 29 61 1
9 343 937 128 377 29 61 1
9 343 938 128 378 29 61 1
9 343 939 127 378 29 61 1
9 343 940 127 378 29 61 1
9 343 941 126 378 29 61 1
9 343 942 125 378 29 61 1
9 343 943 125 378 29 61 1
9 343 944 124 379 29 61 1
9 343 945 123 379 29 61 1
9 343 946 123 379 29 61 1
9 343 947 122 379 29 61 1
9 343 948 121 379 29 61 1
9 343 949 121 379 29 61 1
9 343 950 120 380 29 61 1
9 343 951 120 380 29 61 1
9 343 952 119 380 29 61 1
9 343 953 118 380 29 61 1
9 343 954 118 380 29 61 1
9 343 955 117 380 29 61 1
9 343 956 116 381 29 61 1
9 343 957 116 381 29 61 1
9 343 958 115 381 29 61 1
9 343 959 114 381 29 61 1
9 343 960 114 381 29 61 1
9 343 961 113 381 29 61 1
9 343 962 113 382 29 61 1
9 343 963 112 382 29 59 1
9 343 964 111 382 29 57 1
9 343 965 110 382 29 56 1
9 343 966 109 382 29 54 1
9 343 967 109 382 29 53 1
9 343 968 108 382 29 51 1
9 343 969 107 382 29 50 1
9 343 970 106 382 30 48 1
9 343 971 105 382 30 47 1
9 343 972 105 382 29 45 1
9 343 973 104 382 29 44 1
9 343 974 103 382 30 42 1
9 343 975 102 382 30 41 1
9 343 976 101 382 30 40 1
9 343 977 101 382 30 38 1
9 343 978 100 382 30 37 1
9 343 979 99 382 30 35 1
9 343 980 98 382 31 34 1
9 343 981 97 382 31 32 1
9 343 982 96 382 31 31 1
9 343 983 96 382 30 30 1
9 343 984 95 382 31 28 1
9 343 985 94 382 31 27 1
9 343 986 93 382 31 26 1
9 343 987 92 382 32 24 1
9 343 988 91 382 32 23 1
9 343 989 91 382 32 22 1
9 343 990 91 382 32 22 1
9 343 991 91 382 32 22 1
9 343 992 91 382 32 22 1
9 343 993 91 382 32 22 1
9 343 994 91 382 32 22 1
9 343 995 91 382 32 22 1
9 343 996 91 382 32 22 1
9 343 997 91 382 32 22 1
9 343 998 91 382 32 22 1
9 343 999 91 382 32 22 1
9 343 1000 91 382 32 22 1
9 343 1001 91 382 32 22 1
9 343 1002 91 382 32 22 1
9 343 1003 91 382 32 22 1
9 343 1004 91 382 32 22 1
9 343 1005 91 382 32 22 1
9 343 1006 91 382 32 22 1
9 343 1007 91 382 32 22 1
9 343 1008 91 382 32 22 1
9 343 1009 91 382 32 22 1
9 343 1010 91 382 32 22 1
9 343 1011 91 382 32 22 1
9 343 1012 91 382 32 22 1
9 343 1013 91 382 32 22 1
9 343 1014 91 382 32 22 1
9 343 1015 91 382 32 22 1
9 343 1016 91 382 32 22 1
10 1260 0 114 371 121 54 2
10 1260 1 114 371 121 54 2
10 1260 2 114 371 121 54 2
10 1260 3 114 371 121 54 2
10 1260 4 114 371 121 54 2
10 1260 5 114 371 121 54 2
10 1260 6 114 371 121 54 2
10 1260 7 114 371 121 54 2
10 1260 8 114 371 121 54 2
10 1260 9 114 371 121 54 2
10 1260 10 114 371 121 54 2
10 1260 11 114 371 121 54 2
10 1260 12 114 371 121 54 2
10 1260 13 114 371 121 54 2
10 1260 14 114 371 121 54 2
10 1260 15 114 371 121 54 2
10 1260 16 114 371 121 54 2
10 1260 17 114 371 121 54 2
10 1260 18 114 371 121 54 2
10 1260 19 114 371 121 54 2
10 1260 20 114 371 121 54 2
10 1260 21 114 371 121 54 2
10 1260 22 114 371 121 54 2
10 1260 23 114 371 121 54 2
10 1260 24 114 371 121 54 2
10 1260 25 114 371 121 54 2
10 1260 26 114 371 121 54 2
10 1260 27 114 371 121 54 2
10 1260 28 114 371 121 54 2
10 1260 29 114 371 121 54 2
10 1260 30 114 371 121 54 2
10 1260 31 114 371 121 54 2
10 1260 32 114 371 121 54 2
10 1260 33 114 371 121 54 2
10 1260 34 114 371 121 54 2
10 1260 35 114 371 121 54 2
10 1260 36 114 371 121 54 2
10 1260 37 114 371 121 54 2
10 1260 38 114 371 121 54 2
10 1260 39 114 371 121 54 2
10 1260 40 114 371 121 54 2
10 1260 41 114 371 121 54 2
10 1260 42 114 371 121 54 2
10 1260 43 114 371 121 54 2
10 1260 44 114 371 121 54 2
10 1260 45 114 371 121 54 2
10 1260 46 114 371 121 54 2
10 1260 47 114 371 121 54 2
10 1260 48 114 371 121 54 2
10 1260 49 114 371 121 54 2
10 1260 50 114 371 121 54 2
10 1260 51 114 371 121 54 2
10 1260 52 114 371 121 54 2
10 1260 53 114 371 121 54 2
10 1260 54 114 371 121 54 2
10 1260 55 114 371 121 54 2
10 1260 56 114 371 121 54 2
10 1260 57 114 371 121 54 2
10 1260 58 114 371 121 54 2
10 1260 59 114 371 121 54 2
10 1260 60 114 371 121 54 2
10 1260 61 114 371 121 54 2
10 1260 62 114 371 121 54 2
10 1260 63 114 371 121 54 2
10 1260 64 114 371 121 54 2
10 1260 65 114 371 121 54 2
10 1260 66 114 371 121 54 2
10 1260 67 114 371 121 54 2
10 1260 68 114 371 121 54 2
10 1260 69 114 371 121 54 2
10 1260 70 114 371 121 54 2
10 1260 71 114 371 121 54 2
10 1260 72 114 371 121 54 2
10 1260 73 114 371 121 54 2
10 1260 74 114 371 121 54 2
10 1260 75 114 371 121 54 2
10 1260 76 114 371 121 54 2
10 1260 77 114 371 121 54 2
10 1260 78 114 371 121 54 2
10 1260 79 114 371 121 54 2
10 1260 80 114 371 121 54 2
10 1260 81 114 371 121 54 2
10 1260 82 114 371 121 54 2
10 1260 83 114 371 121 54 2
10 1260 84 114 371 121 54 2
10 1260 85 114 371 121 54 2
10 1260 86 114 371 121 54 2
10 1260 87 114 371 121 54 2
10 1260 88 114 371 121 54 2
10 1260 89 114 371 121 54 2
10 1260 90 114 371 121 54 2
10 1260 91 114 371 121 54 2
10 1260 92 114 371 121 54 2
10 1260 93 114 371 121 54 2
10 1260 94 114 371 121 54 2
10 1260 95 114 371 121 54 2
10 1260 96 114 371 121 54 2
10 1260 97 114 371 121 54 2
10 1260 98 114 371 121 54 2
10 1260 99 114 371 121 54 2
10 1260 100 114 371 121 54 2
10 1260 101 114 371 121 54 2
10 1260 102 114 371 121 54 2
10 1260 103 114 371 121 54 2
10 1260 104 114 371 121 54 2
10 1260 105 114 371 121 54 2
10 1260 106 114 371 121 54 2
10 1260 107 114 371 121 54 2
10 1260 108 114 371 121 54 2
10 1260 109 114 371 121 54 2
10 1260 110 114 371 121 54 2
10 1260 111 114 371 121 54 2
10 1260 112 114 371 121 54 2
10 1260 113 114 371 121 54 2
10 1260 114 114 371 121 54 2
10 1260 115 114 371 121 54 2
10 1260 116 114 371 121 54 2
10 1260 117 114 371 121 54 2
10 1260 118 114 371 121 54 2
10 1260 119 114 371 121 54 2
10 1260 120 114 371 121 54 2
10 1260 121 114 371 121 54 2
10 1260 122 114 371 121 54 2
10 1260 123 114 371 121 54 2
10 1260 124 114 371 121 54 2
10 1260 125 114 371 121 54 2
10 1260 126 114 371 121 54 2
10 1260 127 114 371 121 54 2
10 1260 128 114 371 121 54 2
10 1260 129 114 371 121 54 2
10 1260 130 114 371 121 54 2
10 1260 131 114 371 121 54 2
10 1260 132 114 371 121 54 2
10 1260 133 114 371 121 54 2
10 1260 134 114 371 121 54 2
10 1260 135 114 371 121 54 2
10 1260 136 114 371 121 54 2
10 1260 137 114 371 121 54 2
10 1260 138 114 371 121 54 2
10 1260 139 114 371 121 54 2
10 1260 140 114 371 121 54 2
10 1260 141 114 371 121 54 2
10 1260 142 114 371 121 54 2
10 1260 143 114 371 121 54 2
10 1260 144 114 371 121 54 2
10 1260 145 114 371 121 54 2
10 1260 146 114 371 121 54 2
10 1260 147 114 371 121 54 2
10 1260 148 114 371 121 54 2
10 1260 149 114 371 121 54 2
10 1260 150 114 371 121 54 2
10 1260 151 114 371 121 54 2
10 1260 152 114 371 121 54 2
10 1260 153 114 371 121 54 2
10 1260 154 114 371 121 54 2
10 1260 155 114 371 121 54 2
10 1260 156 114 371 121 54 2
10 1260 157 114 371 121 54 2
10 1260 158 114 371 121 54 2
10 1260 159 114 371 121 54 2
10 1260 160 114 371 121 54 2
10 1260 161 114 371 121 54 2
10 1260 162 114 371 121 54 2
10 1260 163 114 371 121 54 2
10 1260 164 114 371 121 54 2
10 1260 165 114 371 121 54 2
10 1260 166 114 371 121 54 2
10 1260 167 114 371 121 54 2
10 1260 168 114 371 121 54 2
10 1260 169 114 371 121 54 2
10 1260 170 114 371 121 54 2
10 1260 171 114 371 121 54 2
10 1260 172 114 371 121 54 2
10 1260 173 114 371 121 54 2
10 1260 174 114 371 121 54 2
10 1260 175 114 371 121 54 2
10 1260 176 114 371 121 54 2
10 1260 177 114 371 121 54 2
10 1260 178 114 371 121 54 2
10 1260 179 114 371 121 54 2
10 1260 180 114 371 121 54 2
10 1260 181 114 371 121 54 2
10 1260 182 114 371 121 54 2
10 1260 183 114 371 121 54 2
10 1260 184 114 371 121 54 2
10 1260 185 114 371 121 54 2
10 1260 186 114 371 121 54 2
10 1260 187 114 371 121 54 2
10 1260 188 114 371 121 54 2
10 1260 189 114 371 121 54 2
10 1260 190 114 371 121 54 2
10 1260 191 114 371 121 54 2
10 1260 192 114 371 121 54 2
10 1260 193 114 371 121 54 2
10 1260 194 114 371 121 54 2
10 1260 195 114 371 121 54 2
10 1260 196 114 371 121 54 2
10 1260 197 114 371 121 54 2
10 1260 198 114 371 121 54 2
10 1260 199 114 371 121 54 2
10 1260 200 114 371 121 54 2
10 1260 201 114 371 121 54 2
10 1260 202 114 371 121 54 2
10 1260 203 114 371 121 54 2
10 1260 204 114 371 121 54 2
10 1260 205 114 371 121 54 2
10 1260 206 114 371 121 54 2
10 1260 207 114 371 121 54 2
10 1260 208 114 371 121 54 2
10 1260 209 114 371 121 54 2
10 1260 210 114 371 121 54 2
10 1260 211 114 371 121 54 2
10 1260 212 114 371 121 54 2
10 1260 213 114 371 121 54 2
10 1260 214 114 371 121 54 2
10 1260 215 114 371 121 54 2
10 1260 216 114 371 121 54 2
10 1260 217 114 371 121 54 2
10 1260 218 114 371 121 54 2
10 1260 219 114 371 121 54 2
10 1260 220 114 371 121 54 2
10 1260 221 114 371 121 54 2
10 1260 222 114 371 121 54 2
10 1260 223 114 371 121 54 2
10 1260 224 114 371 121 54 2
10 1260 225 114 371 121 54 2
10 1260 226 114 371 121 54 2
10 1260 227 114 371 121 54 2
10 1260 228 114 371 121 54 2
10 1260 229 114 371 121 54 2
10 1260 230 114 371 121 54 2
10 1260 231 114 371 121 54 2
10 1260 232 114 371 121 54 2
10 1260 233 114 371 121 54 2
10 1260 234 114 371 121 54 2
10 1260 235 114 371 121 54 2
10 1260 236 114 371 121 54 2
10 1260 237 114 371 121 54 2
10 1260 238 114 371 121 54 2
10 1260 239 114 371 121 54 2
10 1260 240 114 371 121 54 2
10 1260 241 114 371 121 54 2
10 1260 242 114 371 121 54 2
10 1260 243 114 371 121 54 2
10 1260 244 114 371 121 54 2
10 1260 245 114 371 121 54 2
10 1260 246 114 371 121 54 2
10 1260 247 114 371 121 54 2
10 1260 248 114 371 121 54 2
10 1260 249 114 371 121 54 2
10 1260 250 114 371 121 54 2
10 1260 251 114 371 121 54 2
10 1260 252 114 371 121 54 2
10 1260 253 114 371 121 54 2
10 1260 254 114 371 121 54 2
10 1260 255 114 371 121 54 2
10 1260 256 114 371 121 54 2
10 1260 257 114 371 121 54 2
10 1260 258 114 371 121 54 2
10 1260 259 114 371 121 54 2
10 1260 260 114 371 121 54 2
10 1260 261 114 371 121 54 2
10 1260 262 114 371 121 54 2
10 1260 263 114 371 121 54 2
10 1260 264 114 371 121 54 2
10 1260 265 114 371 121 54 2
10 1260 266 114 371 121 54 2
10 1260 267 114 371 121 54 2
10 1260 268 114 371 121 54 2
10 1260 269 114 371 121 54 2
10 1260 270 114 371 121 54 2
10 1260 271 114 371 121 54 2
10 1260 272 114 371 121 54 2
10 1260 273 114 371 121 54 2
10 1260 274 114 371 121 54 2
10 1260 275 114 371 121 54 2
10 1260 276 114 371 121 54 2
10 1260 277 114 371 121 54 2
10 1260 278 114 371 121 54 2
10 1260 279 114 371 121 54 2
10 1260 280 114 371 121 54 2
10 1260 281 114 371 121 54 2
10 1260 282 114 371 121 54 2
10 1260 283 114 371 121 54 2
10 1260 284 114 371 121 54 2
10 1260 285 114 371 121 54 2
10 1260 286 114 371 121 54 2
10 1260 287 114 371 121 54 2
10 1260 288 114 371 121 54 2
10 1260 289 114 371 121 54 2
10 1260 290 114 371 121 54 2
10 1260 291 114 371 121 54 2
10 1260 292 114 371 121 54 2
10 1260 293 114 371 121 54 2
10 1260 294 114 371 121 54 2
10 1260 295 114 371 121 54 2
10 1260 296 114 371 121 54 2
10 1260 297 114 371 121 54 2
10 1260 298 114 371 121 54 2
10 1260 299 114 371 121 54 2
10 1260 300 114 371 121 54 2
10 1260 301 114 371 121 54 2
10 1260 302 114 371 121 54 2
10 1260 303 114 371 121 54 2
10 1260 304 114 371 121 54 2
10 1260 305 114 371 121 54 2
10 1260 306 114 371 121 54 2
10 1260 307 114 371 121 54 2
10 1260 308 114 371 121 54 2
10 1260 309 114 371 121 54 2
10 1260 310 114 371 121 54 2
10 1260 311 114 371 121 54 2
10 1260 312 114 371 121 54 2
10 1260 313 114 371 121 54 2
10 1260 314 114 371 121 54 2
10 1260 315 114 371 121 54 2
10 1260 316 114 371 121 54 2
10 1260 317 114 371 121 54 2
10 1260 318 114 371 121 54 2
10 1260 319 114 371 121 54 2
10 1260 320 114 371 121 54 2
10 1260 321 114 371 121 54 2
10 1260 322 114 371 121 54 2
10 1260 323 114 371 121 54 2
10 1260 324 114 371 121 54 2
10 1260 325 114 371 121 54 2
10 1260 326 114 371 121 54 2
10 1260 327 114 371 121 54 2
10 1260 328 114 371 121 54 2
10 1260 329 114 371 121 54 2
10 1260 330 114 371 121 54 2
10 1260 331 114 371 121 54 2
10 1260 332 114 371 121 54 2
10 1260 333 114 371 121 54 2
10 1260 334 114 371 121 54 2
10 1260 335 114 371 121 54 2
10 1260 336 114 371 121 54 2
10 1260 337 114 371 121 54 2
10 1260 338 114 371 121 54 2
10 1260 339 114 371 121 54 2
10 1260 340 114 371 121 54 2
10 1260 341 114 371 121 54 2
10 1260 342 114 371 121 54 2
10 1260 343 114 371 121 54 2
10 1260 344 114 371 121 54 2
10 1260 345 114 371 121 54 2
10 1260 346 114 371 121 54 2
10 1260 347 114 371 121 54 2
10 1260 348 114 371 121 54 2
10 1260 349 114 371 121 54 2
10 1260 350 114 371 121 54 2
10 1260 351 114 371 121 54 2
10 1260 352 114 371 121 54 2
10 1260 353 114 371 121 54 2
10 1260 354 114 371 121 54 2
10 1260 355 114 371 121 54 2
10 1260 356 114 371 121 54 2
10 1260 357 114 371 121 54 2
10 1260 358 114 371 121 54 2
10 1260 359 114 371 121 54 2
10 1260 360 114 371 121 54 2
10 1260 361 114 371 121 54 2
10 1260 362 114 371 121 54 2
10 1260 363 114 371 121 54 2
10 1260 364 114 371 121 54 2
10 1260 365 114 371 121 54 2
10 1260 366 114 371 121 54 2
10 1260 367 114 371 121 54 2
10 1260 368 114 371 121 54 2
10 1260 369 114 371 121 54 2
10 1260 370 114 371 121 54 2
10 1260 371 114 371 121 54 2
10 1260 372 114 371 121 54 2
10 1260 373 114 371 121 54 2
10 1260 374 114 371 121 54 2
10 1260 375 114 371 121 54 2
10 1260 376 114 371 121 54 2
10 1260 377 114 371 121 54 2
10 1260 378 114 371 121 54 2
10 1260 379 114 371 121 54 2
10 1260 380 114 371 121 54 2
10 1260 381 114 371 121 54 2
10 1260 382 114 371 121 54 2
10 1260 383 114 371 121 54 2
10 1260 384 114 371 121 54 2
10 1260 385 114 371 121 54 2
10 1260 386 114 371 121 54 2
10 1260 387 114 371 121 54 2
10 1260 388 114 371 121 54 2
10 1260 389 114 371 121 54 2
10 1260 390 114 371 121 54 2
10 1260 391 114 371 121 54 2
10 1260 392 114 371 121 54 2
10 1260 393 114 371 121 54 2
10 1260 394 114 371 121 54 2
10 1260 395 114 371 121 54 2
10 1260 396 114 371 121 54 2
10 1260 397 114 371 121 54 2
10 1260 398 114 371 121 54 2
10 1260 399 114 371 121 54 2
10 1260 400 114 371 121 54 2
10 1260 401 114 371 121 54 2
10 1260 402 114 371 121 54 2
10 1260 403 114 371 121 54 2
10 1260 404 114 371 121 54 2
10 1260 405 114 371 121 54 2
10 1260 406 114 371 121 54 2
10 1260 407 114 371 121 54 2
10 1260 408 114 371 121 54 2
10 1260 409 114 371 121 54 2
10 1260 410 114 371 121 54 2
10 1260 411 114 371 121 54 2
10 1260 412 114 371 121 54 2
10 1260 413 114 371 121 54 2
10 1260 414 114 371 121 54 2
10 1260 415 114 371 121 54 2
10 1260 416 114 371 121 54 2
10 1260 417 114 371 121 54 2
10 1260 418 114 371 121 54 2
10 1260 419 114 371 121 54 2
10 1260 420 114 371 121 54 2
10 1260 421 114 371 121 54 2
10 1260 422 114 371 121 54 2
10 1260 423 114 371 121 54 2
10 1260 424 114 371 121 54 2
10 1260 425 114 371 121 54 2
10 1260 426 114 371 121 54 2
10 1260 427 114 371 121 54 2
10 1260 428 114 371 121 54 2
10 1260 429 114 371 121 54 2
10 1260 430 114 371 121 54 2
10 1260 431 114 371 121 54 2
10 1260 432 114 371 121 54 2
10 1260 433 114 371 121 54 2
10 1260 434 114 371 121 54 2
10 1260 435 114 371 121 54 2
10 1260 436 114 371 121 54 2
10 1260 437 114 371 121 54 2
10 1260 438 114 371 121 54 2
10 1260 439 114 371 121 54 2
10 1260 440 114 371 121 54 2
10 1260 441 114 371 121 54 2
10 1260 442 114 371 121 54 2
10 1260 443 114 371 121 54 2
10 1260 444 114 371 121 54 2
10 1260 445 114 371 121 54 2
10 1260 446 114 371 121 54 2
10 1260 447 114 371 121 54 2
10 1260 448 114 371 121 54 2
10 1260 449 114 371 121 54 2
10 1260 450 114 371 121 54 2
10 1260 451 114 371 121 54 2
10 1260 452 114 371 121 54 2
10 1260 453 114 371 121 54 2
10 1260 454 114 371 121 54 2
10 1260 455 114 371 121 54 2
10 1260 456 114 371 121 54 2
10 1260 457 114 371 121 54 2
10 1260 458 114 371 121 54 2
10 1260 459 114 371 121 54 2
10 1260 460 114 371 121 54 2
10 1260 461 114 371 121 54 2
10 1260 462 114 371 121 54 2
10 1260 463 114 371 121 54 2
10 1260 464 114 371 121 54 2
10 1260 465 114 371 121 54 2
10 1260 466 114 371 121 54 2
10 1260 467 114 371 121 54 2
10 1260 468 114 371 121 54 2
10 1260 469 114 371 121 54 2
10 1260 470 114 371 121 54 2
10 1260 471 114 371 121 54 2
10 1260 472 114 371 121 54 2
10 1260 473 114 371 121 54 2
10 1260 474 114 371 121 54 2
10 1260 475 114 371 121 54 2
10 1260 476 114 371 121 54 2
10 1260 477 114 371 121 54 2
10 1260 478 114 371 121 54 2
10 1260 479 114 371 121 54 2
10 1260 480 114 371 121 54 2
10 1260 481 114 371 121 54 2
10 1260 482 114 371 121 54 2
10 1260 483 114 371 121 54 2
10 1260 484 114 371 121 54 2
10 1260 485 114 371 121 54 2
10 1260 486 114 371 121 54 2
10 1260 487 114 371 121 54 2
10 1260 488 114 371 121 54 2
10 1260 489 114 371 121 54 2
10 1260 490 114 371 121 54 2
10 1260 491 114 371 121 54 2
10 1260 492 114 371 121 54 2
10 1260 493 114 371 121 54 2
10 1260 494 114 371 121 54 2
10 1260 495 114 371 121 54 2
10 1260 496 114 371 121 54 2
10 1260 497 114 371 121 54 2
10 1260 498 114 371 121 54 2
10 1260 499 114 371 121 54 2
10 1260 500 114 371 121 54 2
10 1260 501 114 371 121 54 2
10 1260 502 114 371 121 54 2
10 1260 503 114 371 121 54 2
10 1260 504 114 371 121 54 2
10 1260 505 114 371 121 54 2
10 1260 506 114 371 121 54 2
10 1260 507 114 371 121 54 2
10 1260 508 114 371 121 54 2
10 1260 509 114 371 121 54 2
10 1260 510 114 371 121 54 2
10 1260 511 114 371 121 54 2
10 1260 512 114 371 121 54 2
10 1260 513 114 371 121 54 2
10 1260 514 114 371 121 54 2
10 1260 515 114 371 121 54 2
10 1260 516 114 371 121 54 2
10 1260 517 114 371 121 54 2
10 1260 518 114 371 121 54 2
10 1260 519 114 371 121 54 2
10 1260 520 114 371 121 54 2
10 1260 521 114 371 121 54 2
10 1260 522 114 371 121 54 2
10 1260 523 114 371 121 54 2
10 1260 524 114 371 121 54 2
10 1260 525 114 371 121 54 2
10 1260 526 114 371 121 54 2
10 1260 527 114 371 121 54 2
10 1260 528 114 371 121 54 2
10 1260 529 114 371 121 54 2
10 1260 530 114 371 121 54 2
10 1260 531 114 371 121 54 2
10 1260 532 114 371 121 54 2
10 1260 533 114 371 121 54 2
10 1260 534 114 371 121 54 2
10 1260 535 114 371 121 54 2
10 1260 536 114 371 121 54 2
10 1260 537 114 371 121 54 2
10 1260 538 114 371 121 54 2
10 1260 539 114 371 121 54 2
10 1260 540 114 371 121 54 2
10 1260 541 114 371 121 54 2
10 1260 542 114 371 121 54 2
10 1260 543 114 371 121 54 2
10 1260 544 114 371 121 54 2
10 1260 545 114 371 121 54 2
10 1260 546 114 371 121 54 2
10 1260 547 114 371 121 54 2
10 1260 548 114 371 121 54 2
10 1260 549 114 371 121 54 2
10 1260 550 114 371 121 54 2
10 1260 551 114 371 121 54 2
10 1260 552 114 371 121 54 2
10 1260 553 114 371 121 54 2
10 1260 554 114 371 121 54 2
10 1260 555 114 371 121 54 2
10 1260 556 114 371 121 54 2
10 1260 557 114 371 121 54 2
10 1260 558 114 371 121 54 2
10 1260 559 114 371 121 54 2
10 1260 560 114 371 121 54 2
10 1260 561 114 371 121 54 2
10 1260 562 114 371 121 54 2
10 1260 563 114 371 121 54 2
10 1260 564 114 371 121 54 2
10 1260 565 114 371 121 54 2
10 1260 566 114 371 121 54 2
10 1260 567 114 371 121 54 2
10 1260 568 114 371 121 54 2
10 1260 569 114 371 121 54 2
10 1260 570 114 371 121 54 2
10 1260 571 114 371 121 54 2
10 1260 572 114 371 121 54 2
10 1260 573 114 371 121 54 2
10 1260 574 114 371 121 54 2
10 1260 575 114 371 121 54 2
10 1260 576 114 371 121 54 2
10 1260 577 114 371 121 54 2
10 1260 578 114 371 121 54 2
10 1260 579 114 371 121 54 2
10 1260 580 114 371 121 54 2
10 1260 581 114 371 121 54 2
10 1260 582 114 371 121 54 2
10 1260 583 114 371 121 54 2
10 1260 584 114 371 121 54 2
10 1260 585 114 371 121 54 2
10 1260 586 114 371 121 54 2
10 1260 587 114 371 121 54 2
10 1260 588 114 371 121 54 2
10 1260 589 114 371 121 54 2
10 1260 590 114 371 121 54 2
10 1260 591 114 371 121 54 2
10 1260 592 114 371 121 54 2
10 1260 593 114 371 121 54 2
10 1260 594 114 371 121 54 2
10 1260 595 114 371 121 54 2
10 1260 596 114 371 121 54 2
10 1260 597 114 371 121 54 2
10 1260 598 114 371 121 54 2
10 1260 599 114 371 121 54 2
10 1260 600 114 371 121 54 2
10 1260 601 114 371 121 54 2
10 1260 602 114 371 121 54 2
10 1260 603 114 371 121 54 2
10 1260 604 114 371 121 54 2
10 1260 605 114 371 121 54 2
10 1260 606 114 371 121 54 2
10 1260 607 114 371 121 54 2
10 1260 608 114 371 121 54 2
10 1260 609 114 371 121 54 2
10 1260 610 114 371 121 54 2
10 1260 611 114 371 121 54 2
10 1260 612 114 371 121 54 2
10 1260 613 114 371 121 54 2
10 1260 614 114 371 121 54 2
10 1260 615 114 371 121 54 2
10 1260 616 114 371 121 54 2
10 1260 617 114 371 121 54 2
10 1260 618 114 371 121 54 2
10 1260 619 114 371 121 54 2
10 1260 620 114 371 121 54 2
10 1260 621 114 371 121 54 2
10 1260 622 114 371 121 54 2
10 1260 623 114 371 121 54 2
10 1260 624 114 371 121 54 2
10 1260 625 114 371 121 54 2
10 1260 626 114 371 121 54 2
10 1260 627 114 371 121 54 2
10 1260 628 114 371 121 54 2
10 1260 629 114 371 121 54 2
10 1260 630 114 371 121 54 2
10 1260 631 114 371 121 54 2
10 1260 632 114 371 121 54 2
10 1260 633 114 371 121 54 2
10 1260 634 114 371 121 54 2
10 1260 635 114 371 121 54 2
10 1260 636 114 371 121 54 2
10 1260 637 114 371 121 54 2
10 1260 638 114 371 121 54 2
10 1260 639 114 371 121 54 2
10 1260 640 114 371 121 54 2
10 1260 641 114 371 121 54 2
10 1260 642 114 371 121 54 2
10 1260 643 114 371 121 54 2
10 1260 644 114 371 121 54 2
10 1260 645 114 371 121 54 2
10 1260 646 114 371 121 54 2
10 1260 647 114 371 121 54 2
10 1260 648 114 371 121 54 2
10 1260 649 114 371 121 54 2
10 1260 650 114 371 121 54 2
10 1260 651 114 371 121 54 2
10 1260 652 114 371 121 54 2
10 1260 653 114 371 121 54 2
10 1260 654 114 371 121 54 2
10 1260 655 114 371 121 54 2
10 1260 656 114 371 121 54 2
10 1260 657 114 371 121 54 2
10 1260 658 114 371 121 54 2
10 1260 659 114 371 121 54 2
10 1260 660 114 371 121 54 2
10 1260 661 114 371 121 54 2
10 1260 662 114 371 121 54 2
10 1260 663 114 371 121 54 2
10 1260 664 114 371 121 54 2
10 1260 665 114 371 121 54 2
10 1260 666 114 371 121 54 2
10 1260 667 114 371 121 54 2
10 1260 668 114 371 121 54 2
10 1260 669 114 371 121 54 2
10 1260 670 114 371 121 54 2
10 1260 671 114 371 121 54 2
10 1260 672 114 371 121 54 2
10 1260 673 114 371 121 54 2
10 1260 674 114 371 121 54 2
10 1260 675 114 371 121 54 2
10 1260 676 114 371 121 54 2
10 1260 677 114 371 121 54 2
10 1260 678 114 371 121 54 2
10 1260 679 114 371 121 54 2
10 1260 680 114 371 121 54 2
10 1260 681 114 371 121 54 2
10 1260 682 114 371 121 54 2
10 1260 683 114 371 121 54 2
10 1260 684 114 371 121 54 2
10 1260 685 114 371 121 54 2
10 1260 686 114 371 121 54 2
10 1260 687 114 371 121 54 2
10 1260 688 114 371 121 54 2
10 1260 689 114 371 121 54 2
10 1260 690 114 371 121 54 2
10 1260 691 114 371 121 54 2
10 1260 692 114 371 121 54 2
10 1260 693 114 371 121 54 2
10 1260 694 114 371 121 54 2
10 1260 695 114 371 121 54 2
10 1260 696 114 371 121 54 2
10 1260 697 114 371 121 54 2
10 1260 698 114 371 121 54 2
10 1260 699 114 371 121 54 2
10 1260 700 114 371 121 54 2
10 1260 701 114 371 121 54 2
10 1260 702 114 371 121 54 2
10 1260 703 114 371 121 54 2
10 1260 704 114 371 121 54 2
10 1260 705 114 371 121 54 2
10 1260 706 114 371 121 54 2
10 1260 707 114 371 121 54 2
10 1260 708 114 371 121 54 2
10 1260 709 114 371 121 54 2
10 1260 710 114 371 121 54 2
10 1260 711 114 371 121 54 2
10 1260 712 114 371 121 54 2
10 1260 713 114 371 121 54 2
10 1260 714 114 371 121 54 2
10 1260 715 114 371 121 54 2
10 1260 716 114 371 121 54 2
10 1260 717 114 371 121 54 2
10 1260 718 114 371 121 54 2
10 1260 719 114 371 121 54 2
10 1260 720 114 371 121 54 2
10 1260 721 114 371 121 54 2
10 1260 722 114 371 121 54 2
10 1260 723 114 371 121 54 2
10 1260 724 114 371 121 54 2
10 1260 725 114 371 121 54 2
10 1260 726 114 371 121 54 2
10 1260 727 114 371 121 54 2
10 1260 728 114 371 121 54 2
10 1260 729 114 371 121 54 2
10 1260 730 114 371 121 54 2
10 1260 731 114 371 121 54 2
10 1260 732 114 371 121 54 2
10 1260 733 114 371 121 54 2
10 1260 734 114 371 121 54 2
10 1260 735 114 371 121 54 2
10 1260 736 114 371 121 54 2
10 1260 737 114 371 121 54 2
10 1260 738 114 371 121 54 2
10 1260 739 114 371 121 54 2
10 1260 740 114 371 121 54 2
10 1260 741 114 371 121 54 2
10 1260 742 114 371 121 54 2
10 1260 743 114 371 121 54 2
10 1260 744 114 371 121 54 2
10 1260 745 114 371 121 54 2
10 1260 746 114 371 121 54 2
10 1260 747 114 371 121 54 2
10 1260 748 114 371 121 54 2
10 1260 749 114 371 121 54 2
10 1260 750 114 371 121 54 2
10 1260 751 114 371 121 54 2
10 1260 752 114 371 121 54 2
10 1260 753 114 371 121 54 2
10 1260 754 114 371 121 54 2
10 1260 755 114 371 121 54 2
10 1260 756 114 371 121 54 2
10 1260 757 114 371 121 54 2
10 1260 758 114 371 121 54 2
10 1260 759 114 371 121 54 2
10 1260 760 114 371 121 54 2
10 1260 761 114 371 121 54 2
10 1260 762 114 371 121 54 2
10 1260 763 114 371 121 54 2
10 1260 764 114 371 121 54 2
10 1260 765 114 371 121 54 2
10 1260 766 114 371 121 54 2
10 1260 767 114 371 121 54 2
10 1260 768 114 371 121 54 2
10 1260 769 114 371 121 54 2
10 1260 770 114 371 121 54 2
10 1260 771 114 371 121 54 2
10 1260 772 114 371 121 54 2
10 1260 773 114 371 121 54 2
10 1260 774 114 371 121 54 2
10 1260 775 114 371 121 54 2
10 1260 776 114 371 121 54 2
10 1260 777 114 371 121 54 2
10 1260 778 114 371 121 54 2
10 1260 779 114 371 121 54 2
10 1260 780 114 371 121 54 2
10 1260 781 114 371 121 54 2
10 1260 782 114 371 121 54 2
10 1260 783 114 371 121 54 2
10 1260 784 114 371 121 54 2
10 1260 785 114 371 121 54 2
10 1260 786 114 371 121 54 2
10 1260 787 114 371 121 54 2
10 1260 788 114 371 121 54 2
10 1260 789 114 371 121 54 2
10 1260 790 114 371 121 54 2
10 1260 791 114 371 121 54 2
10 1260 792 114 371 121 54 2
10 1260 793 114 371 121 54 2
10 1260 794 114 371 121 54 2
10 1260 795 114 371 121 54 2
10 1260 796 114 371 121 54 2
10 1260 797 114 371 121 54 2
10 1260 798 114 371 121 54 2
10 1260 799 114 371 121 54 2
10 1260 800 114 371 121 54 2
10 1260 801 114 371 121 54 2
10 1260 802 114 371 121 54 2
10 1260 803 114 371 121 54 2
10 1260 804 114 371 121 54 2
10 1260 805 114 371 121 54 2
10 1260 806 114 371 121 54 2
10 1260 807 114 371 121 54 2
10 1260 808 114 371 121 54 2
10 1260 809 114 371 121 54 2
10 1260 810 114 371 121 54 2
10 1260 811 114 371 121 54 2
10 1260 812 114 371 121 54 2
10 1260 813 114 371 121 54 2
10 1260 814 114 371 121 54 2
10 1260 815 114 371 121 54 2
10 1260 816 114 371 121 54 2
10 1260 817 114 371 121 54 2
10 1260 818 114 371 121 54 2
10 1260 819 114 371 121 54 2
10 1260 820 114 371 121 54 2
10 1260 821 114 371 121 54 2
10 1260 822 114 371 121 54 2
10 1260 823 114 371 121 54 2
10 1260 824 114 371 121 54 2
10 1260 825 114 371 121 54 2
10 1260 826 114 371 121 54 2
10 1260 827 114 371 121 54 2
10 1260 828 114 371 121 54 2
10 1260 829 114 371 121 54 2
10 1260 830 114 371 121 54 2
10 1260 831 114 371 121 54 2
10 1260 832 114 371 121 54 2
10 1260 833 114 371 121 54 2
10 1260 834 114 371 121 54 2
10 1260 835 114 371 121 54 2
10 1260 836 114 371 121 54 2
10 1260 837 114 371 121 54 2
10 1260 838 114 371 121 54 2
10 1260 839 114 371 121 54 2
10 1260 840 114 371 121 54 2
10 1260 841 114 371 121 54 2
10 1260 842 114 371 121 54 2
10 1260 843 114 371 121 54 2
10 1260 844 114 371 121 54 2
10 1260 845 114 371 121 54 2
10 1260 846 114 371 121 54 2
10 1260 847 114 371 121 54 2
10 1260 848 114 371 121 54 2
10 1260 849 114 371 121 54 2
10 1260 850 114 371 121 54 2
10 1260 851 114 371 121 54 2
10 1260 852 114 371 121 54 2
10 1260 853 114 371 121 54 2
10 1260 854 114 371 121 54 2
10 1260 855 114 371 121 54 2
10 1260 856 114 371 121 54 2
10 1260 857 114 371 121 54 2
10 1260 858 114 371 121 54 2
10 1260 859 114 371 121 54 2
10 1260 860 114 371 121 54 2
10 1260 861 114 371 121 54 2
10 1260 862 114 371 121 54 2
10 1260 863 114 371 121 54 2
10 1260 864 114 371 121 54 2
10 1260 865 114 371 121 54 2
10 1260 866 114 371 121 54 2
10 1260 867 114 371 121 54 2
10 1260 868 114 371 121 54 2
10 1260 869 114 371 121 54 2
10 1260 870 114 371 121 54 2
10 1260 871 114 371 121 54 2
10 1260 872 114 371 121 54 2
10 1260 873 114 371 121 54 2
10 1260 874 114 371 121 54 2
10 1260 875 114 371 121 54 2
10 1260 876 114 371 121 54 2
10 1260 877 114 371 121 54 2
10 1260 878 114 371 121 54 2
10 1260 879 114 371 121 54 2
10 1260 880 114 371 121 54 2
10 1260 881 114 371 121 54 2
10 1260 882 114 371 121 54 2
10 1260 883 114 371 121 54 2
10 1260 884 114 371 121 54 2
10 1260 885 114 371 121 54 2
10 1260 886 114 371 121 54 2
10 1260 887 114 371 121 54 2
10 1260 888 114 371 121 54 2
10 1260 889 114 371 121 54 2
10 1260 890 114 371 121 54 2
10 1260 891 114 371 121 54 2
10 1260 892 114 371 121 54 2
10 1260 893 114 371 121 54 2
10 1260 894 114 371 121 54 2
10 1260 895 114 371 121 54 2
10 1260 896 114 371 121 54 2
10 1260 897 114 371 121 54 2
10 1260 898 114 371 121 54 2
10 1260 899 114 371 121 54 2
10 1260 900 114 371 121 54 2
10 1260 901 114 371 121 54 2
10 1260 902 114 371 121 54 2
10 1260 903 114 371 121 54 2
10 1260 904 114 371 121 54 2
10 1260 905 114 371 121 54 2
10 1260 906 114 371 121 54 2
10 1260 907 114 371 121 54 2
10 1260 908 114 371 121 54 2
10 1260 909 114 371 121 54 2
10 1260 910 114 371 121 54 2
10 1260 911 114 371 121 54 2
10 1260 912 114 371 121 54 2
10 1260 913 114 371 121 54 2
10 1260 914 114 371 121 54 2
10 1260 915 114 371 121 54 2
10 1260 916 114 371 121 54 2
10 1260 917 114 371 121 54 2
10 1260 918 114 371 121 54 2
10 1260 919 114 371 121 54 2
10 1260 920 114 371 121 54 2
10 1260 921 114 371 121 54 2
10 1260 922 114 371 121 54 2
10 1260 923 114 371 121 54 2
10 1260 924 114 371 121 54 2
10 1260 925 114 371 121 54 2
10 1260 926 114 371 121 54 2
10 1260 927 114 371 121 54 2
10 1260 928 114 371 121 54 2
10 1260 929 114 371 121 54 2
10 1260 930 114 371 121 54 2
10 1260 931 114 371 121 54 2
10 1260 932 114 371 121 54 2
10 1260 933 114 371 121 54 2
10 1260 934 114 371 121 54 2
10 1260 935 114 371 121 54 2
10 1260 936 114 371 121 54 2
10 1260 937 114 371 121 54 2
10 1260 938 114 371 121 54 2
10 1260 939 114 371 121 54 2
10 1260 940 114 371 121 54 2
10 1260 941 114 371 121 54 2
10 1260 942 114 371 121 54 2
10 1260 943 114 371 121 54 2
10 1260 944 114 371 121 54 2
10 1260 945 114 371 121 54 2
10 1260 946 114 371 121 54 2
10 1260 947 114 371 121 54 2
10 1260 948 114 371 121 54 2
10 1260 949 114 371 121 54 2
10 1260 950 114 371 121 54 2
10 1260 951 114 371 121 54 2
10 1260 952 114 371 121 54 2
10 1260 953 114 371 121 54 2
10 1260 954 114 371 121 54 2
10 1260 955 114 371 121 54 2
10 1260 956 114 371 121 54 2
10 1260 957 114 371 121 54 2
10 1260 958 114 371 121 54 2
10 1260 959 114 371 121 54 2
10 1260 960 114 371 121 54 2
10 1260 961 114 371 121 54 2
10 1260 962 114 371 121 54 2
10 1260 963 114 371 121 54 2
10 1260 964 114 371 121 54 2
10 1260 965 114 371 121 54 2
10 1260 966 114 371 121 54 2
10 1260 967 114 371 121 54 2
10 1260 968 114 371 121 54 2
10 1260 969 114 371 121 54 2
10 1260 970 114 371 121 54 2
10 1260 971 114 371 121 54 2
10 1260 972 114 371 121 54 2
10 1260 973 114 371 121 54 2
10 1260 974 114 371 121 54 2
10 1260 975 114 371 121 54 2
10 1260 976 114 371 121 54 2
10 1260 977 114 371 121 54 2
10 1260 978 114 371 121 54 2
10 1260 979 114 371 121 54 2
10 1260 980 114 371 121 54 2
10 1260 981 114 371 121 54 2
10 1260 982 114 371 121 54 2
10 1260 983 114 371 121 54 2
10 1260 984 114 371 121 54 2
10 1260 985 114 371 121 54 2
10 1260 986 114 371 121 54 2
10 1260 987 114 371 121 54 2
10 1260 988 114 371 121 54 2
10 1260 989 114 371 121 54 2
10 1260 990 114 371 121 54 2
10 1260 991 114 371 121 54 2
10 1260 992 114 371 121 54 2
10 1260 993 114 371 121 54 2
10 1260 994 114 371 121 54 2
10 1260 995 114 371 121 54 2
10 1260 996 114 371 121 54 2
10 1260 997 114 371 121 54 2
10 1260 998 114 371 121 54 2
10 1260 999 114 371 121 54 2
10 1260 1000 114 371 121 54 2
10 1260 1001 114 371 121 54 2
10 1260 1002 114 371 121 54 2
10 1260 1003 114 371 121 54 2
10 1260 1004 114 371 121 54 2
10 1260 1005 114 371 121 54 2
10 1260 1006 114 371 121 54 2
10 1260 1007 114 371 121 54 2
10 1260 1008 114 371 121 54 2
10 1260 1009 114 371 121 54 2
10 1260 1010 114 371 121 54 2
10 1260 1011 114 371 121 54 2
10 1260 1012 114 371 121 54 2
10 1260 1013 114 371 121 54 2
10 1260 1014 114 371 121 54 2
10 1260 1015 114 371 121 54 2
10 1260 1016 114 371 121 54 2
10 1260 1017 114 371 121 54 2
10 1260 1018 114 371 121 54 2
10 1260 1019 114 371 121 54 2
10 1260 1020 114 371 121 54 2
10 1260 1021 114 371 121 54 2
10 1260 1022 114 371 121 54 2
10 1260 1023 114 371 121 54 2
10 1260 1024 114 371 121 54 2
10 1260 1025 114 371 121 54 2
10 1260 1026 114 371 121 54 2
10 1260 1027 114 371 121 54 2
10 1260 1028 114 371 121 54 2
10 1260 1029 114 371 121 54 2
10 1260 1030 114 371 121 54 2
10 1260 1031 114 371 121 54 2
10 1260 1032 114 371 121 54 2
10 1260 1033 114 371 121 54 2
10 1260 1034 114 371 121 54 2
10 1260 1035 114 371 121 54 2
10 1260 1036 114 371 121 54 2
10 1260 1037 114 371 121 54 2
10 1260 1038 114 371 121 54 2
10 1260 1039 114 371 121 54 2
10 1260 1040 114 371 121 54 2
10 1260 1041 114 371 121 54 2
10 1260 1042 114 371 121 54 2
10 1260 1043 114 371 121 54 2
10 1260 1044 114 371 121 54 2
10 1260 1045 114 371 121 54 2
10 1260 1046 114 371 121 54 2
10 1260 1047 114 371 121 54 2
10 1260 1048 114 371 121 54 2
10 1260 1049 114 371 121 54 2
10 1260 1050 114 371 121 54 2
10 1260 1051 114 371 121 54 2
10 1260 1052 114 371 121 54 2
10 1260 1053 114 371 121 54 2
10 1260 1054 114 371 121 54 2
10 1260 1055 114 371 121 54 2
10 1260 1056 114 371 121 54 2
10 1260 1057 114 371 121 54 2
10 1260 1058 114 371 121 54 2
10 1260 1059 114 371 121 54 2
10 1260 1060 114 371 121 54 2
10 1260 1061 114 371 121 54 2
10 1260 1062 114 371 121 54 2
10 1260 1063 114 371 121 54 2
10 1260 1064 114 371 121 54 2
10 1260 1065 114 371 121 54 2
10 1260 1066 114 371 121 54 2
10 1260 1067 114 371 121 54 2
10 1260 1068 114 371 121 54 2
10 1260 1069 114 371 121 54 2
10 1260 1070 114 371 121 54 2
10 1260 1071 114 371 121 54 2
10 1260 1072 114 371 121 54 2
10 1260 1073 114 371 121 54 2
10 1260 1074 114 371 121 54 2
10 1260 1075 114 371 121 54 2
10 1260 1076 114 371 121 54 2
10 1260 1077 114 371 121 54 2
10 1260 1078 114 371 121 54 2
10 1260 1079 114 371 121 54 2
10 1260 1080 114 371 121 54 2
10 1260 1081 114 371 121 54 2
10 1260 1082 114 371 121 54 2
10 1260 1083 114 371 121 54 2
10 1260 1084 114 371 121 54 2
10 1260 1085 114 371 121 54 2
10 1260 1086 114 371 121 54 2
10 1260 1087 114 371 121 54 2
10 1260 1088 114 371 121 54 2
10 1260 1089 114 371 121 54 2
10 1260 1090 114 371 121 54 2
10 1260 1091 114 371 121 54 2
10 1260 1092 114 371 121 54 2
10 1260 1093 114 371 121 54 2
10 1260 1094 114 371 121 54 2
10 1260 1095 114 371 121 54 2
10 1260 1096 114 371 121 54 2
10 1260 1097 114 371 121 54 2
10 1260 1098 114 371 121 54 2
10 1260 1099 114 371 121 54 2
10 1260 1100 114 371 121 54 2
10 1260 1101 114 371 121 54 2
10 1260 1102 114 371 121 54 2
10 1260 1103 114 371 121 54 2
10 1260 1104 114 371 121 54 2
10 1260 1105 114 371 121 54 2
10 1260 1106 114 371 121 54 2
10 1260 1107 114 371 121 54 2
10 1260 1108 114 371 121 54 2
10 1260 1109 114 371 121 54 2
10 1260 1110 114 371 121 54 2
10 1260 1111 114 371 121 54 2
10 1260 1112 114 371 121 54 2
10 1260 1113 114 371 121 54 2
10 1260 1114 114 371 121 54 2
10 1260 1115 114 371 121 54 2
10 1260 1116 114 371 121 54 2
10 1260 1117 114 371 121 54 2
10 1260 1118 114 371 121 54 2
10 1260 1119 114 371 121 54 2
10 1260 1120 114 371 121 54 2
10 1260 1121 114 371 121 54 2
10 1260 1122 114 371 121 54 2
10 1260 1123 114 371 121 54 2
10 1260 1124 114 371 121 54 2
10 1260 1125 114 371 121 54 2
10 1260 1126 114 371 121 54 2
10 1260 1127 114 371 121 54 2
10 1260 1128 114 371 121 54 2
10 1260 1129 114 371 121 54 2
10 1260 1130 114 371 121 54 2
10 1260 1131 114 371 121 54 2
10 1260 1132 114 371 121 54 2
10 1260 1133 114 371 121 54 2
10 1260 1134 114 371 121 54 2
10 1260 1135 114 371 121 54 2
10 1260 1136 114 371 121 54 2
10 1260 1137 114 371 121 54 2
10 1260 1138 114 371 121 54 2
10 1260 1139 114 371 121 54 2
10 1260 1140 114 371 121 54 2
10 1260 1141 114 371 121 54 2
10 1260 1142 114 371 121 54 2
10 1260 1143 114 371 121 54 2
10 1260 1144 114 371 121 54 2
10 1260 1145 114 371 121 54 2
10 1260 1146 114 371 121 54 2
10 1260 1147 114 371 121 54 2
10 1260 1148 114 371 121 54 2
10 1260 1149 114 371 121 54 2
10 1260 1150 114 371 121 54 2
10 1260 1151 114 371 121 54 2
10 1260 1152 114 371 121 54 2
10 1260 1153 114 371 121 54 2
10 1260 1154 114 371 121 54 2
10 1260 1155 114 371 121 54 2
10 1260 1156 114 371 121 54 2
10 1260 1157 114 371 121 54 2
10 1260 1158 114 371 121 54 2
10 1260 1159 114 371 121 54 2
10 1260 1160 114 371 121 54 2
10 1260 1161 114 371 121 54 2
10 1260 1162 114 371 121 54 2
10 1260 1163 114 371 121 54 2
10 1260 1164 114 371 121 54 2
10 1260 1165 114 371 121 54 2
10 1260 1166 114 371 121 54 2
10 1260 1167 114 371 121 54 2
10 1260 1168 114 371 121 54 2
10 1260 1169 114 371 121 54 2
10 1260 1170 114 371 121 54 2
10 1260 1171 114 371 121 54 2
10 1260 1172 114 371 121 54 2
10 1260 1173 114 371 121 54 2
10 1260 1174 114 371 121 54 2
10 1260 1175 114 371 121 54 2
10 1260 1176 114 371 121 54 2
10 1260 1177 114 371 121 54 2
10 1260 1178 114 371 121 54 2
10 1260 1179 114 371 121 54 2
10 1260 1180 114 371 121 54 2
10 1260 1181 114 371 121 54 2
10 1260 1182 114 371 121 54 2
10 1260 1183 114 371 121 54 2
10 1260 1184 114 371 121 54 2
10 1260 1185 114 371 121 54 2
10 1260 1186 114 371 121 54 2
10 1260 1187 114 371 121 54 2
10 1260 1188 114 371 121 54 2
10 1260 1189 114 371 121 54 2
10 1260 1190 114 371 121 54 2
10 1260 1191 114 371 121 54 2
10 1260 1192 114 371 121 54 2
10 1260 1193 114 371 121 54 2
10 1260 1194 114 371 121 54 2
10 1260 1195 114 371 121 54 2
10 1260 1196 114 371 121 54 2
10 1260 1197 114 371 121 54 2
10 1260 1198 114 371 121 54 2
10 1260 1199 114 371 121 54 2
10 1260 1200 114 371 121 54 2
10 1260 1201 114 371 121 54 2
10 1260 1202 114 371 121 54 2
10 1260 1203 114 371 121 54 2
10 1260 1204 114 371 121 54 2
10 1260 1205 114 371 121 54 2
10 1260 1206 114 371 121 54 2
10 1260 1207 114 371 121 54 2
10 1260 1208 114 371 121 54 2
10 1260 1209 114 371 121 54 2
10 1260 1210 114 371 121 54 2
10 1260 1211 114 371 121 54 2
10 1260 1212 114 371 121 54 2
10 1260 1213 114 371 121 54 2
10 1260 1214 114 371 121 54 2
10 1260 1215 114 371 121 54 2
10 1260 1216 114 371 121 54 2
10 1260 1217 114 371 121 54 2
10 1260 1218 114 371 121 54 2
10 1260 1219 114 371 121 54 2
10 1260 1220 114 371 121 54 2
10 1260 1221 114 371 121 54 2
10 1260 1222 114 371 121 54 2
10 1260 1223 114 371 121 54 2
10 1260 1224 114 371 121 54 2
10 1260 1225 114 371 121 54 2
10 1260 1226 114 371 121 54 2
10 1260 1227 114 371 121 54 2
10 1260 1228 114 371 121 54 2
10 1260 1229 114 371 121 54 2
10 1260 1230 114 371 121 54 2
10 1260 1231 114 371 121 54 2
10 1260 1232 114 371 121 54 2
10 1260 1233 114 371 121 54 2
10 1260 1234 114 371 121 54 2
10 1260 1235 114 371 121 54 2
10 1260 1236 114 371 121 54 2
10 1260 1237 114 371 121 54 2
10 1260 1238 114 371 121 54 2
10 1260 1239 114 371 121 54 2
10 1260 1240 114 371 121 54 2
10 1260 1241 114 371 121 54 2
10 1260 1242 114 371 121 54 2
10 1260 1243 114 371 121 54 2
10 1260 1244 114 371 121 54 2
10 1260 1245 114 371 121 54 2
10 1260 1246 114 371 121 54 2
10 1260 1247 114 371 121 54 2
10 1260 1248 114 371 121 54 2
10 1260 1249 114 371 121 54 2
10 1260 1250 114 371 121 54 2
10 1260 1251 114 371 121 54 2
10 1260 1252 114 371 121 54 2
10 1260 1253 114 371 121 54 2
10 1260 1254 114 371 121 54 2
10 1260 1255 114 371 121 54 2
10 1260 1256 114 371 121 54 2
10 1260 1257 114 371 121 54 2
10 1260 1258 114 371 121 54 2
10 1260 1259 114 371 121 54 2
