1280 720 30.0
1 1849 0 537 415 87 47 2
1 1849 1 537 415 87 47 2
1 1849 2 537 415 87 47 2
1 1849 3 537 415 87 47 2
1 1849 4 537 415 87 47 2
1 1849 5 537 415 87 47 2
1 1849 6 537 415 87 47 2
1 1849 7 537 415 87 47 2
1 1849 8 537 415 87 47 2
1 1849 9 537 415 87 47 2
1 1849 10 537 415 87 47 2
1 1849 11 537 415 87 47 2
1 1849 12 537 415 87 47 2
1 1849 13 537 415 87 47 2
1 1849 14 537 415 87 47 2
1 1849 15 537 415 87 47 2
1 1849 16 537 415 87 47 2
1 1849 17 537 415 87 47 2
1 1849 18 537 415 87 47 2
1 1849 19 537 415 87 47 2
1 1849 20 537 415 87 47 2
1 1849 21 537 415 87 47 2
1 1849 22 537 415 87 47 2
1 1849 23 537 415 87 47 2
1 1849 24 537 415 87 47 2
1 1849 25 537 415 87 47 2
1 1849 26 537 415 87 47 2
1 1849 27 537 415 87 47 2
1 1849 28 537 415 87 47 2
1 1849 29 537 415 87 47 2
1 1849 30 537 415 87 47 2
1 1849 31 537 415 87 47 2
1 1849 32 537 415 87 47 2
1 1849 33 537 415 87 47 2
1 1849 34 537 415 87 47 2
1 1849 35 537 415 87 47 2
1 1849 36 537 415 87 47 2
1 1849 37 537 415 87 47 2
1 1849 38 537 415 87 47 2
1 1849 39 537 415 87 47 2
1 1849 40 537 415 87 47 2
1 1849 41 537 415 87 47 2
1 1849 42 537 415 87 47 2
1 1849 43 537 415 87 47 2
1 1849 44 537 415 87 47 2
1 1849 45 537 415 87 47 2
1 1849 46 537 415 87 47 2
1 1849 47 537 415 87 47 2
1 1849 48 537 415 87 47 2
1 1849 49 537 415 87 47 2
1 1849 50 537 415 87 47 2
1 1849 51 537 415 87 47 2
1 1849 52 537 415 87 47 2
1 1849 53 537 415 87 47 2
1 1849 54 537 415 87 47 2
1 1849 55 537 415 87 47 2
1 1849 56 537 415 87 47 2
1 1849 57 537 415 87 47 2
1 1849 58 537 415 87 47 2
1 1849 59 537 415 87 47 2
1 1849 60 537 415 87 47 2
1 1849 61 537 415 87 47 2
1 1849 62 537 415 87 47 2
1 1849 63 537 415 87 47 2
1 1849 64 537 415 87 47 2
1 1849 65 537 415 87 47 2
1 1849 66 537 415 87 47 2
1 1849 67 537 415 87 47 2
1 1849 68 537 415 87 47 2
1 1849 69 537 415 87 47 2
1 1849 70 537 415 87 47 2
1 1849 71 537 415 87 47 2
1 1849 72 537 415 87 47 2
1 1849 73 537 415 87 47 2
1 1849 74 537 415 87 47 2
1 1849 75 537 415 87 47 2
1 1849 76 537 415 87 47 2
1 1849 77 537 415 87 47 2
1 1849 78 537 415 87 47 2
1 1849 79 537 415 87 47 2
1 1849 80 537 415 87 47 2
1 1849 81 537 415 87 47 2
1 1849 82 537 415 87 47 2
1 1849 83 537 415 87 47 2
1 1849 84 537 415 87 47 2
1 1849 85 537 415 87 47 2
1 1849 86 537 415 87 47 2
1 1849 87 537 415 87 47 2
1 1849 88 537 415 87 47 2
1 1849 89 537 415 87 47 2
1 1849 90 537 415 87 47 2
1 1849 91 537 415 87 47 2
1 1849 92 537 415 87 47 2
1 1849 93 537 415 87 47 2
1 1849 94 537 415 87 47 2
1 1849 95 537 415 87 47 2
1 1849 96 537 415 87 47 2
1 1849 97 537 415 87 47 2
1 1849 98 537 415 87 47 2
1 1849 99 537 415 87 47 2
1 1849 100 537 415 87 47 2
1 1849 101 537 415 87 47 2
1 1849 102 537 415 87 47 2
1 1849 103 537 415 87 47 2
1 1849 104 537 415 87 47 2
1 1849 105 537 415 87 47 2
1 1849 106 537 415 87 47 2
1 1849 107 537 415 87 47 2
1 1849 108 537 415 87 47 2
1 1849 109 537 415 87 47 2
1 1849 110 537 415 87 47 2
1 1849 111 537 415 87 47 2
1 1849 112 537 415 87 47 2
1 1849 113 537 415 87 47 2
1 1849 114 537 415 87 47 2
1 1849 115 537 415 87 47 2
1 1849 116 537 415 87 47 2
1 1849 117 537 415 87 47 2
1 1849 118 537 415 87 47 2
1 1849 119 537 415 87 47 2
1 1849 120 537 415 87 47 2
1 1849 121 537 415 87 47 2
1 1849 122 537 415 87 47 2
1 1849 123 537 415 87 47 2
1 1849 124 537 415 87 47 2
1 1849 125 537 415 87 47 2
1 1849 126 537 415 87 47 2
1 1849 127 537 415 87 47 2
1 1849 128 537 415 87 47 2
1 1849 129 537 415 87 47 2
1 1849 130 537 415 87 47 2
1 1849 131 537 415 87 47 2
1 1849 132 537 415 87 47 2
1 1849 133 537 415 87 47 2
1 1849 134 537 415 87 47 2
1 1849 135 537 415 87 47 2
1 1849 136 537 415 87 47 2
1 1849 137 537 415 87 47 2
1 1849 138 537 415 87 47 2
1 1849 139 537 415 87 47 2
1 1849 140 537 415 87 47 2
1 1849 141 537 415 87 47 2
1 1849 142 537 415 87 47 2
1 1849 143 537 415 87 47 2
1 1849 144 537 415 87 47 2
1 1849 145 537 415 87 47 2
1 1849 146 537 415 87 47 2
1 1849 147 537 415 87 47 2
1 1849 148 537 415 87 47 2
1 1849 149 537 415 87 47 2
1 1849 150 537 415 87 47 2
1 1849 151 537 415 87 47 2
1 1849 152 537 415 87 47 2
1 1849 153 537 415 87 47 2
1 1849 154 537 415 87 47 2
1 1849 155 537 415 87 47 2
1 1849 156 537 415 87 47 2
1 1849 157 537 415 87 47 2
1 1849 158 537 415 87 47 2
1 1849 159 537 415 87 47 2
1 1849 160 537 415 87 47 2
1 1849 161 537 415 87 47 2
1 1849 162 537 415 87 47 2
1 1849 163 537 415 87 47 2
1 1849 164 537 415 87 47 2
1 1849 165 537 415 87 47 2
1 1849 166 537 415 87 47 2
1 1849 167 537 415 87 47 2
1 1849 168 537 415 87 47 2
1 1849 169 537 415 87 47 2
1 1849 170 537 415 87 47 2
1 1849 171 537 415 87 47 2
1 1849 172 537 415 87 47 2
1 1849 173 537 415 87 47 2
1 1849 174 537 415 87 47 2
1 1849 175 537 415 87 47 2
1 1849 176 537 415 87 47 2
1 1849 177 537 415 87 47 2
1 1849 178 537 415 87 47 2
1 1849 179 537 415 87 47 2
1 1849 180 537 415 87 47 2
1 1849 181 537 415 87 47 2
1 1849 182 537 415 87 47 2
1 1849 183 537 415 87 47 2
1 1849 184 537 415 87 47 2
1 1849 185 537 415 87 47 2
1 1849 186 537 415 87 47 2
1 1849 187 537 415 87 47 2
1 1849 188 537 415 87 47 2
1 1849 189 537 415 87 47 2
1 1849 190 537 415 87 47 2
1 1849 191 537 415 87 47 2
1 1849 192 537 415 87 47 2
1 1849 193 537 415 87 47 2
1 1849 194 537 415 87 47 2
1 1849 195 537 415 87 47 2
1 1849 196 537 415 87 47 2
1 1849 197 537 415 87 47 2
1 1849 198 537 415 87 47 2
1 1849 199 537 415 87 47 2
1 1849 200 537 415 87 47 2
1 1849 201 537 415 87 47 2
1 1849 202 537 415 87 47 2
1 1849 203 537 415 87 47 2
1 1849 204 537 415 87 47 2
1 1849 205 537 415 87 47 2
1 1849 206 537 415 87 47 2
1 1849 207 537 415 87 47 2
1 1849 208 537 415 87 47 2
1 1849 209 537 415 87 47 2
1 1849 210 537 415 87 47 2
1 1849 211 537 415 87 47 2
1 1849 212 537 415 87 47 2
1 1849 213 537 415 87 47 2
1 1849 214 537 415 87 47 2
1 1849 215 537 415 87 47 2
1 1849 216 537 415 87 47 2
1 1849 217 537 415 87 47 2
1 1849 218 537 415 87 47 2
1 1849 219 537 415 87 47 2
1 1849 220 537 415 87 47 2
1 1849 221 537 415 87 47 2
1 1849 222 537 415 87 47 2
1 1849 223 537 415 87 47 2
1 1849 224 537 415 87 47 2
1 1849 225 537 415 87 47 2
1 1849 226 537 415 87 47 2
1 1849 227 537 415 87 47 2
1 1849 228 537 415 87 47 2
1 1849 229 537 415 87 47 2
1 1849 230 537 415 87 47 2
1 1849 231 537 415 87 47 2
1 1849 232 537 415 87 47 2
1 1849 233 537 415 87 47 2
1 1849 234 537 415 87 47 2
1 1849 235 537 415 87 47 2
1 1849 236 537 415 87 47 2
1 1849 237 537 415 87 47 2
1 1849 238 537 415 87 47 2
1 1849 239 537 415 87 47 2
1 1849 240 537 415 87 47 2
1 1849 241 537 415 87 47 2
1 1849 242 537 415 87 47 2
1 1849 243 537 415 87 47 2
1 1849 244 537 415 87 47 2
1 1849 245 537 415 87 47 2
1 1849 246 537 415 87 47 2
1 1849 247 537 415 87 47 2
1 1849 248 537 415 87 47 2
1 1849 249 537 415 87 47 2
1 1849 250 537 415 87 47 2
1 1849 251 537 415 87 47 2
1 1849 252 537 415 87 47 2
1 1849 253 537 415 87 47 2
1 1849 254 537 415 87 47 2
1 1849 255 537 415 87 47 2
1 1849 256 537 415 87 47 2
1 1849 257 537 415 87 47 2
1 1849 258 537 415 87 47 2
1 1849 259 537 415 87 47 2
1 1849 260 537 415 87 47 2
1 1849 261 537 415 87 47 2
1 1849 262 537 415 87 47 2
1 1849 263 537 415 87 47 2
1 1849 264 537 415 87 47 2
1 1849 265 537 415 87 47 2
1 1849 266 537 415 87 47 2
1 1849 267 537 415 87 47 2
1 1849 268 537 415 87 47 2
1 1849 269 537 415 87 47 2
1 1849 270 537 415 87 47 2
1 1849 271 537 415 87 47 2
1 1849 272 537 415 87 47 2
1 1849 273 537 415 87 47 2
1 1849 274 537 415 87 47 2
1 1849 275 537 415 87 47 2
1 1849 276 537 415 87 47 2
1 1849 277 537 415 87 47 2
1 1849 278 537 415 87 47 2
1 1849 279 537 415 87 47 2
1 1849 280 537 415 87 47 2
1 1849 281 537 415 87 47 2
1 1849 282 537 415 87 47 2
1 1849 283 537 415 87 47 2
1 1849 284 537 415 87 47 2
1 1849 285 537 415 87 47 2
1 1849 286 537 415 87 47 2
1 1849 287 537 415 87 47 2
1 1849 288 537 415 87 47 2
1 1849 289 537 415 87 47 2
1 1849 290 537 415 87 47 2
1 1849 291 537 415 87 47 2
1 1849 292 537 415 87 47 2
1 1849 293 537 415 87 47 2
1 1849 294 537 415 87 47 2
1 1849 295 537 415 87 47 2
1 1849 296 537 415 87 47 2
1 1849 297 537 415 87 47 2
1 1849 298 537 415 87 47 2
1 1849 299 537 415 87 47 2
1 1849 300 537 415 87 47 2
1 1849 301 537 415 87 47 2
1 1849 302 537 415 87 47 2
1 1849 303 537 415 87 47 2
1 1849 304 537 415 87 47 2
1 1849 305 537 415 87 47 2
1 1849 306 537 415 87 47 2
1 1849 307 537 415 87 47 2
1 1849 308 537 415 87 47 2
1 1849 309 537 415 87 47 2
1 1849 310 537 415 87 47 2
1 1849 311 537 415 87 47 2
1 1849 312 537 415 87 47 2
1 1849 313 537 415 87 47 2
1 1849 314 537 415 87 47 2
1 1849 315 537 415 87 47 2
1 1849 316 537 415 87 47 2
1 1849 317 537 415 87 47 2
1 1849 318 537 415 87 47 2
1 1849 319 537 415 87 47 2
1 1849 320 537 415 87 47 2
1 1849 321 537 415 87 47 2
1 1849 322 537 415 87 47 2
1 1849 323 537 415 87 47 2
1 1849 324 537 415 87 47 2
1 1849 325 537 415 87 47 2
1 1849 326 537 415 87 47 2
1 1849 327 537 415 87 47 2
1 1849 328 537 415 87 47 2
1 1849 329 537 415 87 47 2
1 1849 330 537 415 87 47 2
1 1849 331 537 415 87 47 2
1 1849 332 537 415 87 47 2
1 1849 333 537 415 87 47 2
1 1849 334 537 415 87 47 2
1 1849 335 537 415 87 47 2
1 1849 336 537 415 87 47 2
1 1849 337 537 415 87 47 2
1 1849 338 537 415 87 47 2
1 1849 339 537 415 87 47 2
1 1849 340 537 415 87 47 2
1 1849 341 537 415 87 47 2
1 1849 342 537 415 87 47 2
1 1849 343 537 415 87 47 2
1 1849 344 537 415 87 47 2
1 1849 345 537 415 87 47 2
1 1849 346 537 415 87 47 2
1 1849 347 537 415 87 47 2
1 1849 348 537 415 87 47 2
1 1849 349 537 415 87 47 2
1 1849 350 537 415 87 47 2
1 1849 351 537 415 87 47 2
1 1849 352 537 415 87 47 2
1 1849 353 537 415 87 47 2
1 1849 354 537 415 87 47 2
1 1849 355 537 415 87 47 2
1 1849 356 537 415 87 47 2
1 1849 357 537 415 87 47 2
1 1849 358 537 415 87 47 2
1 1849 359 537 415 87 47 2
1 1849 360 537 415 87 47 2
1 1849 361 537 415 87 47 2
1 1849 362 537 415 87 47 2
1 1849 363 537 415 87 47 2
1 1849 364 537 415 87 47 2
1 1849 365 537 415 87 47 2
1 1849 366 537 415 87 47 2
1 1849 367 537 415 87 47 2
1 1849 368 537 415 87 47 2
1 1849 369 537 415 87 47 2
1 1849 370 537 415 87 47 2
1 1849 371 537 415 87 47 2
1 1849 372 537 415 87 47 2
1 1849 373 537 415 87 47 2
1 1849 374 537 415 87 47 2
1 1849 375 537 415 87 47 2
1 1849 376 537 415 87 47 2
1 1849 377 537 415 87 47 2
1 1849 378 537 415 87 47 2
1 1849 379 537 415 87 47 2
1 1849 380 537 415 87 47 2
1 1849 381 537 415 87 47 2
1 1849 382 537 415 87 47 2
1 1849 383 537 415 87 47 2
1 1849 384 537 415 87 47 2
1 1849 385 537 415 87 47 2
1 1849 386 537 415 87 47 2
1 1849 387 537 415 87 47 2
1 1849 388 537 415 87 47 2
1 1849 389 537 415 87 47 2
1 1849 390 537 415 87 47 2
1 1849 391 537 415 87 47 2
1 1849 392 537 415 87 47 2
1 1849 393 537 415 87 47 2
1 1849 394 537 415 87 47 2
1 1849 395 537 415 87 47 2
1 1849 396 537 415 87 47 2
1 1849 397 537 415 87 47 2
1 1849 398 537 415 87 47 2
1 1849 399 537 415 87 47 2
1 1849 400 537 415 87 47 2
1 1849 401 537 415 87 47 2
1 1849 402 537 415 87 47 2
1 1849 403 537 415 87 47 2
1 1849 404 537 415 87 47 2
1 1849 405 537 415 87 47 2
1 1849 406 537 415 87 47 2
1 1849 407 537 415 87 47 2
1 1849 408 537 415 87 47 2
1 1849 409 537 415 87 47 2
1 1849 410 537 415 87 47 2
1 1849 411 537 415 87 47 2
1 1849 412 537 415 87 47 2
1 1849 413 537 415 87 47 2
1 1849 414 537 415 87 47 2
1 1849 415 537 415 87 47 2
1 1849 416 537 415 87 47 2
1 1849 417 537 415 87 47 2
1 1849 418 537 415 87 47 2
1 1849 419 537 415 87 47 2
1 1849 420 537 415 87 47 2
1 1849 421 537 415 87 47 2
1 1849 422 537 415 87 47 2
1 1849 423 537 415 87 47 2
1 1849 424 537 415 87 47 2
1 1849 425 537 415 87 47 2
1 1849 426 537 415 87 47 2
1 1849 427 537 415 87 47 2
1 1849 428 537 415 87 47 2
1 1849 429 537 415 87 47 2
1 1849 430 537 415 87 47 2
1 1849 431 537 415 87 47 2
1 1849 432 537 415 87 47 2
1 1849 433 537 415 87 47 2
1 1849 434 537 415 87 47 2
1 1849 435 537 415 87 47 2
1 1849 436 537 415 87 47 2
1 1849 437 537 415 87 47 2
1 1849 438 537 415 87 47 2
1 1849 439 537 415 87 47 2
1 1849 440 537 415 87 47 2
1 1849 441 537 415 87 47 2
1 1849 442 537 415 87 47 2
1 1849 443 537 415 87 47 2
1 1849 444 537 415 87 47 2
1 1849 445 537 415 87 47 2
1 1849 446 537 415 87 47 2
1 1849 447 537 415 87 47 2
1 1849 448 537 415 87 47 2
1 1849 449 537 415 87 47 2
1 1849 450 537 415 87 47 2
1 1849 451 537 415 87 47 2
1 1849 452 537 415 87 47 2
1 1849 453 537 415 87 47 2
1 1849 454 537 415 87 47 2
1 1849 455 537 415 87 47 2
1 1849 456 537 415 87 47 2
1 1849 457 537 415 87 47 2
1 1849 458 537 415 87 47 2
1 1849 459 537 415 87 47 2
1 1849 460 537 415 87 47 2
1 1849 461 537 415 87 47 2
1 1849 462 537 415 87 47 2
1 1849 463 537 415 87 47 2
1 1849 464 537 415 87 47 2
1 1849 465 537 415 87 47 2
1 1849 466 537 415 87 47 2
1 1849 467 537 415 87 47 2
1 1849 468 537 415 87 47 2
1 1849 469 537 415 87 47 2
1 1849 470 537 415 87 47 2
1 1849 471 537 415 87 47 2
1 1849 472 537 415 87 47 2
1 1849 473 537 415 87 47 2
1 1849 474 537 415 87 47 2
1 1849 475 537 415 87 47 2
1 1849 476 537 415 87 47 2
1 1849 477 537 415 87 47 2
1 1849 478 537 415 87 47 2
1 1849 479 537 415 87 47 2
1 1849 480 537 415 87 47 2
1 1849 481 537 415 87 47 2
1 1849 482 537 415 87 47 2
1 1849 483 537 415 87 47 2
1 1849 484 537 415 87 47 2
1 1849 485 537 415 87 47 2
1 1849 486 537 415 87 47 2
1 1849 487 537 415 87 47 2
1 1849 488 537 415 87 47 2
1 1849 489 537 415 87 47 2
1 1849 490 537 415 87 47 2
1 1849 491 537 415 87 47 2
1 1849 492 537 415 87 47 2
1 1849 493 537 415 87 47 2
1 1849 494 537 415 87 47 2
1 1849 495 537 415 87 47 2
1 1849 496 537 415 87 47 2
1 1849 497 537 415 87 47 2
1 1849 498 537 415 87 47 2
1 1849 499 537 415 87 47 2
1 1849 500 537 415 87 47 2
1 1849 501 537 415 87 47 2
1 1849 502 537 415 87 47 2
1 1849 503 537 415 87 47 2
1 1849 504 537 415 87 47 2
1 1849 505 537 415 87 47 2
1 1849 506 537 415 87 47 2
1 1849 507 537 415 87 47 2
1 1849 508 537 415 87 47 2
1 1849 509 537 415 87 47 2
1 1849 510 537 415 87 47 2
1 1849 511 537 415 87 47 2
1 1849 512 537 415 87 47 2
1 1849 513 537 415 87 47 2
1 1849 514 537 415 87 47 2
1 1849 515 537 415 87 47 2
1 1849 516 537 415 87 47 2
1 1849 517 537 415 87 47 2
1 1849 518 537 415 87 47 2
1 1849 519 537 415 87 47 2
1 1849 520 537 415 87 47 2
1 1849 521 537 415 87 47 2
1 1849 522 537 415 87 47 2
1 1849 523 537 415 87 47 2
1 1849 524 537 415 87 47 2
1 1849 525 537 415 87 47 2
1 1849 526 537 415 87 47 2
1 1849 527 537 415 87 47 2
1 1849 528 537 415 87 47 2
1 1849 529 537 415 87 47 2
1 1849 530 537 415 87 47 2
1 1849 531 537 415 87 47 2
1 1849 532 537 415 87 47 2
1 1849 533 537 415 87 47 2
1 1849 534 537 415 87 47 2
1 1849 535 537 415 87 47 2
1 1849 536 537 415 87 47 2
1 1849 537 537 415 87 47 2
1 1849 538 537 415 87 47 2
1 1849 539 537 415 87 47 2
1 1849 540 537 415 87 47 2
1 1849 541 537 415 87 47 2
1 1849 542 537 415 87 47 2
1 1849 543 537 415 87 47 2
1 1849 544 537 415 87 47 2
1 1849 545 537 415 87 47 2
1 1849 546 537 415 87 47 2
1 1849 547 537 415 87 47 2
1 1849 548 537 415 87 47 2
1 1849 549 537 415 87 47 2
1 1849 550 537 415 87 47 2
1 1849 551 537 415 87 47 2
1 1849 552 537 415 87 47 2
1 1849 553 537 415 87 47 2
1 1849 554 537 415 87 47 2
1 1849 555 537 415 87 47 2
1 1849 556 537 415 87 47 2
1 1849 557 537 415 87 47 2
1 1849 558 537 415 87 47 2
1 1849 559 537 415 87 47 2
1 1849 560 537 415 87 47 2
1 1849 561 537 415 87 47 2
1 1849 562 537 415 87 47 2
1 1849 563 537 415 87 47 2
1 1849 564 537 415 87 47 2
1 1849 565 537 415 87 47 2
1 1849 566 537 415 87 47 2
1 1849 567 537 415 87 47 2
1 1849 568 537 415 87 47 2
1 1849 569 537 415 87 47 2
1 1849 570 537 415 87 47 2
1 1849 571 537 415 87 47 2
1 1849 572 537 415 87 47 2
1 1849 573 537 415 87 47 2
1 1849 574 537 415 87 47 2
1 1849 575 537 415 87 47 2
1 1849 576 537 415 87 47 2
1 1849 577 537 415 87 47 2
1 1849 578 537 415 87 47 2
1 1849 579 537 415 87 47 2
1 1849 580 537 415 87 47 2
1 1849 581 537 415 87 47 2
1 1849 582 537 415 87 47 2
1 1849 583 537 415 87 47 2
1 1849 584 537 415 87 47 2
1 1849 585 537 415 87 47 2
1 1849 586 537 415 87 47 2
1 1849 587 537 415 87 47 2
1 1849 588 537 415 87 47 2
1 1849 589 537 415 87 47 2
1 1849 590 537 415 87 47 2
1 1849 591 537 415 87 47 2
1 1849 592 537 415 87 47 2
1 1849 593 537 415 87 47 2
1 1849 594 537 415 87 47 2
1 1849 595 537 415 87 47 2
1 1849 596 537 415 87 47 2
1 1849 597 537 415 87 47 2
1 1849 598 537 415 87 47 2
1 1849 599 537 415 87 47 2
1 1849 600 537 415 87 47 2
1 1849 601 537 415 87 47 2
1 1849 602 537 415 87 47 2
1 1849 603 537 415 87 47 2
1 1849 604 537 415 87 47 2
1 1849 605 537 415 87 47 2
1 1849 606 537 415 87 47 2
1 1849 607 537 415 87 47 2
1 1849 608 537 415 87 47 2
1 1849 609 537 415 87 47 2
1 1849 610 537 415 87 47 2
1 1849 611 537 415 87 47 2
1 1849 612 537 415 87 47 2
1 1849 613 537 415 87 47 2
1 1849 614 537 415 87 47 2
1 1849 615 537 415 87 47 2
1 1849 616 537 415 87 47 2
1 1849 617 537 415 87 47 2
1 1849 618 537 415 87 47 2
1 1849 619 537 415 87 47 2
1 1849 620 537 415 87 47 2
1 1849 621 537 415 87 47 2
1 1849 622 537 415 87 47 2
1 1849 623 537 415 87 47 2
1 1849 624 537 415 87 47 2
1 1849 625 537 415 87 47 2
1 1849 626 537 415 87 47 2
1 1849 627 537 415 87 47 2
1 1849 628 537 415 87 47 2
1 1849 629 537 415 87 47 2
1 1849 630 537 415 87 47 2
1 1849 631 537 415 87 47 2
1 1849 632 537 415 87 47 2
1 1849 633 537 415 87 47 2
1 1849 634 537 415 87 47 2
1 1849 635 537 415 87 47 2
1 1849 636 537 415 87 47 2
1 1849 637 537 415 87 47 2
1 1849 638 537 415 87 47 2
1 1849 639 537 415 87 47 2
1 1849 640 537 415 87 47 2
1 1849 641 537 415 87 47 2
1 1849 642 537 415 87 47 2
1 1849 643 537 415 87 47 2
1 1849 644 537 415 87 47 2
1 1849 645 537 415 87 47 2
1 1849 646 537 415 87 47 2
1 1849 647 537 415 87 47 2
1 1849 648 537 415 87 47 2
1 1849 649 537 415 87 47 2
1 1849 650 537 415 87 47 2
1 1849 651 537 415 87 47 2
1 1849 652 537 415 87 47 2
1 1849 653 537 415 87 47 2
1 1849 654 537 415 87 47 2
1 1849 655 537 415 87 47 2
1 1849 656 537 415 87 47 2
1 1849 657 537 415 87 47 2
1 1849 658 537 415 87 47 2
1 1849 659 537 415 87 47 2
1 1849 660 537 415 87 47 2
1 1849 661 537 415 87 47 2
1 1849 662 537 415 87 47 2
1 1849 663 537 415 87 47 2
1 1849 664 537 415 87 47 2
1 1849 665 537 415 87 47 2
1 1849 666 537 415 87 47 2
1 1849 667 537 415 87 47 2
1 1849 668 537 415 87 47 2
1 1849 669 537 415 87 47 2
1 1849 670 537 415 87 47 2
1 1849 671 537 415 87 47 2
1 1849 672 537 415 87 47 2
1 1849 673 537 415 87 47 2
1 1849 674 537 415 87 47 2
1 1849 675 537 415 87 47 2
1 1849 676 537 415 87 47 2
1 1849 677 537 415 87 47 2
1 1849 678 537 415 87 47 2
1 1849 679 537 415 87 47 2
1 1849 680 537 415 87 47 2
1 1849 681 537 415 87 47 2
1 1849 682 537 415 87 47 2
1 1849 683 537 415 87 47 2
1 1849 684 537 415 87 47 2
1 1849 685 537 415 87 47 2
1 1849 686 537 415 87 47 2
1 1849 687 537 415 87 47 2
1 1849 688 537 415 87 47 2
1 1849 689 537 415 87 47 2
1 1849 690 537 415 87 47 2
1 1849 691 537 415 87 47 2
1 1849 692 537 415 87 47 2
1 1849 693 537 415 87 47 2
1 1849 694 537 415 87 47 2
1 1849 695 537 415 87 47 2
1 1849 696 537 415 87 47 2
1 1849 697 537 415 87 47 2
1 1849 698 537 415 87 47 2
1 1849 699 537 415 87 47 2
1 1849 700 537 415 87 47 2
1 1849 701 537 415 87 47 2
1 1849 702 537 415 87 47 2
1 1849 703 537 415 87 47 2
1 1849 704 537 415 87 47 2
1 1849 705 537 415 87 47 2
1 1849 706 537 415 87 47 2
1 1849 707 537 415 87 47 2
1 1849 708 537 415 87 47 2
1 1849 709 537 415 87 47 2
1 1849 710 537 415 87 47 2
1 1849 711 537 415 87 47 2
1 1849 712 537 415 87 47 2
1 1849 713 537 415 87 47 2
1 1849 714 537 415 87 47 2
1 1849 715 537 415 87 47 2
1 1849 716 537 415 87 47 2
1 1849 717 537 415 87 47 2
1 1849 718 537 415 87 47 2
1 1849 719 537 415 87 47 2
1 1849 720 537 415 87 47 2
1 1849 721 537 415 87 47 2
1 1849 722 537 415 87 47 2
1 1849 723 537 415 87 47 2
1 1849 724 537 415 87 47 2
1 1849 725 537 415 87 47 2
1 1849 726 537 415 87 47 2
1 1849 727 537 415 87 47 2
1 1849 728 537 415 87 47 2
1 1849 729 537 415 87 47 2
1 1849 730 537 415 87 47 2
1 1849 731 537 415 87 47 2
1 1849 732 537 415 87 47 2
1 1849 733 537 415 87 47 2
1 1849 734 537 415 87 47 2
1 1849 735 537 415 87 47 2
1 1849 736 537 415 87 47 2
1 1849 737 537 415 87 47 2
1 1849 738 537 415 87 47 2
1 1849 739 537 415 87 47 2
1 1849 740 537 415 87 47 2
1 1849 741 537 415 87 47 2
1 1849 742 537 415 87 47 2
1 1849 743 537 415 87 47 2
1 1849 744 537 415 87 47 2
1 1849 745 537 415 87 47 2
1 1849 746 537 415 87 47 2
1 1849 747 537 415 87 47 2
1 1849 748 537 415 87 47 2
1 1849 749 537 415 87 47 2
1 1849 750 537 415 87 47 2
1 1849 751 537 415 87 47 2
1 1849 752 537 415 87 47 2
1 1849 753 537 415 87 47 2
1 1849 754 537 415 87 47 2
1 1849 755 537 415 87 47 2
1 1849 756 537 415 87 47 2
1 1849 757 537 415 87 47 2
1 1849 758 537 415 87 47 2
1 1849 759 537 415 87 47 2
1 1849 760 537 415 87 47 2
1 1849 761 537 415 87 47 2
1 1849 762 537 415 87 47 2
1 1849 763 537 415 87 47 2
1 1849 764 537 415 87 47 2
1 1849 765 537 415 87 47 2
1 1849 766 537 415 87 47 2
1 1849 767 537 415 87 47 2
1 1849 768 537 415 87 47 2
1 1849 769 537 415 87 47 2
1 1849 770 537 415 87 47 2
1 1849 771 537 415 87 47 2
1 1849 772 537 415 87 47 2
1 1849 773 537 415 87 47 2
1 1849 774 537 415 87 47 2
1 1849 775 537 415 87 47 2
1 1849 776 537 415 87 47 2
1 1849 777 537 415 87 47 2
1 1849 778 537 415 87 47 2
1 1849 779 537 415 87 47 2
1 1849 780 537 415 87 47 2
1 1849 781 537 415 87 47 2
1 1849 782 537 415 87 47 2
1 1849 783 537 415 87 47 2
1 1849 784 537 415 87 47 2
1 1849 785 537 415 87 47 2
1 1849 786 537 415 87 47 2
1 1849 787 537 415 87 47 2
1 1849 788 537 415 87 47 2
1 1849 789 537 415 87 47 2
1 1849 790 537 415 87 47 2
1 1849 791 537 415 87 47 2
1 1849 792 537 415 87 47 2
1 1849 793 537 415 87 47 2
1 1849 794 537 415 87 47 2
1 1849 795 537 415 87 47 2
1 1849 796 537 415 87 47 2
1 1849 797 537 415 87 47 2
1 1849 798 537 415 87 47 2
1 1849 799 537 415 87 47 2
1 1849 800 537 415 87 47 2
1 1849 801 537 415 87 47 2
1 1849 802 537 415 87 47 2
1 1849 803 537 415 87 47 2
1 1849 804 537 415 87 47 2
1 1849 805 537 415 87 47 2
1 1849 806 537 415 87 47 2
1 1849 807 537 415 87 47 2
1 1849 808 537 415 87 47 2
1 1849 809 537 415 87 47 2
1 1849 810 537 415 87 47 2
1 1849 811 537 415 87 47 2
1 1849 812 537 415 87 47 2
1 1849 813 537 415 87 47 2
1 1849 814 537 415 87 47 2
1 1849 815 537 415 87 47 2
1 1849 816 537 415 87 47 2
1 1849 817 537 415 87 47 2
1 1849 818 537 415 87 47 2
1 1849 819 537 415 87 47 2
1 1849 820 537 415 87 47 2
1 1849 821 537 415 87 47 2
1 1849 822 537 415 87 47 2
1 1849 823 537 415 87 47 2
1 1849 824 537 415 87 47 2
1 1849 825 537 415 87 47 2
1 1849 826 537 415 87 47 2
1 1849 827 537 415 87 47 2
1 1849 828 537 415 87 47 2
1 1849 829 537 415 87 47 2
1 1849 830 537 415 87 47 2
1 1849 831 537 415 87 47 2
1 1849 832 537 415 87 47 2
1 1849 833 537 415 87 47 2
1 1849 834 537 415 87 47 2
1 1849 835 537 415 87 47 2
1 1849 836 537 415 87 47 2
1 1849 837 537 415 87 47 2
1 1849 838 537 415 87 47 2
1 1849 839 537 415 87 47 2
1 1849 840 537 415 87 47 2
1 1849 841 537 415 87 47 2
1 1849 842 537 415 87 47 2
1 1849 843 537 415 87 47 2
1 1849 844 537 415 87 47 2
1 1849 845 537 415 87 47 2
1 1849 846 537 415 87 47 2
1 1849 847 537 415 87 47 2
1 1849 848 537 415 87 47 2
1 1849 849 537 415 87 47 2
1 1849 850 537 415 87 47 2
1 1849 851 537 415 87 47 2
1 1849 852 537 415 87 47 2
1 1849 853 537 415 87 47 2
1 1849 854 537 415 87 47 2
1 1849 855 537 415 87 47 2
1 1849 856 537 415 87 47 2
1 1849 857 537 415 87 47 2
1 1849 858 537 415 87 47 2
1 1849 859 537 415 87 47 2
1 1849 860 537 415 87 47 2
1 1849 861 537 415 87 47 2
1 1849 862 537 415 87 47 2
1 1849 863 537 415 87 47 2
1 1849 864 537 415 87 47 2
1 1849 865 537 415 87 47 2
1 1849 866 537 415 87 47 2
1 1849 867 537 415 87 47 2
1 1849 868 537 415 87 47 2
1 1849 869 537 415 87 47 2
1 1849 870 537 415 87 47 2
1 1849 871 537 415 87 47 2
1 1849 872 537 415 87 47 2
1 1849 873 537 415 87 47 2
1 1849 874 537 415 87 47 2
1 1849 875 537 415 87 47 2
1 1849 876 537 415 87 47 2
1 1849 877 537 415 87 47 2
1 1849 878 537 415 87 47 2
1 1849 879 537 415 87 47 2
1 1849 880 537 415 87 47 2
1 1849 881 537 415 87 47 2
1 1849 882 537 415 87 47 2
1 1849 883 537 415 87 47 2
1 1849 884 537 415 87 47 2
1 1849 885 537 415 87 47 2
1 1849 886 537 415 87 47 2
1 1849 887 537 415 87 47 2
1 1849 888 537 415 87 47 2
1 1849 889 537 415 87 47 2
1 1849 890 537 415 87 47 2
1 1849 891 537 415 87 47 2
1 1849 892 537 415 87 47 2
1 1849 893 537 415 87 47 2
1 1849 894 537 415 87 47 2
1 1849 895 537 415 87 47 2
1 1849 896 537 415 87 47 2
1 1849 897 537 415 87 47 2
1 1849 898 537 415 87 47 2
1 1849 899 537 415 87 47 2
1 1849 900 537 415 87 47 2
1 1849 901 537 415 87 47 2
1 1849 902 537 415 87 47 2
1 1849 903 537 415 87 47 2
1 1849 904 537 415 87 47 2
1 1849 905 537 415 87 47 2
1 1849 906 537 415 87 47 2
1 1849 907 537 415 87 47 2
1 1849 908 537 415 87 47 2
1 1849 909 537 415 87 47 2
1 1849 910 537 415 87 47 2
1 1849 911 537 415 87 47 2
1 1849 912 537 415 87 47 2
1 1849 913 537 415 87 47 2
1 1849 914 537 415 87 47 2
1 1849 915 537 415 87 47 2
1 1849 916 537 415 87 47 2
1 1849 917 537 415 87 47 2
1 1849 918 537 415 87 47 2
1 1849 919 537 415 87 47 2
1 1849 920 537 415 87 47 2
1 1849 921 537 415 87 47 2
1 1849 922 537 415 87 47 2
1 1849 923 537 415 87 47 2
1 1849 924 537 415 87 47 2
1 1849 925 537 415 87 47 2
1 1849 926 537 415 87 47 2
1 1849 927 537 415 87 47 2
1 1849 928 537 415 87 47 2
1 1849 929 537 415 87 47 2
1 1849 930 537 415 87 47 2
1 1849 931 537 415 87 47 2
1 1849 932 537 415 87 47 2
1 1849 933 537 415 87 47 2
1 1849 934 537 415 87 47 2
1 1849 935 537 415 87 47 2
1 1849 936 537 415 87 47 2
1 1849 937 537 415 87 47 2
1 1849 938 537 415 87 47 2
1 1849 939 537 415 87 47 2
1 1849 940 537 415 87 47 2
1 1849 941 537 415 87 47 2
1 1849 942 537 415 87 47 2
1 1849 943 537 415 87 47 2
1 1849 944 537 415 87 47 2
1 1849 945 537 415 87 47 2
1 1849 946 537 415 87 47 2
1 1849 947 537 415 87 47 2
1 1849 948 537 415 87 47 2
1 1849 949 537 415 87 47 2
1 1849 950 537 415 87 47 2
1 1849 951 537 415 87 47 2
1 1849 952 537 415 87 47 2
1 1849 953 537 415 87 47 2
1 1849 954 537 415 87 47 2
1 1849 955 537 415 87 47 2
1 1849 956 537 415 87 47 2
1 1849 957 537 415 87 47 2
1 1849 958 537 415 87 47 2
1 1849 959 537 415 87 47 2
1 1849 960 537 415 87 47 2
1 1849 961 537 415 87 47 2
1 1849 962 537 415 87 47 2
1 1849 963 537 415 87 47 2
1 1849 964 537 415 87 47 2
1 1849 965 537 415 87 47 2
1 1849 966 537 415 87 47 2
1 1849 967 537 415 87 47 2
1 1849 968 537 415 87 47 2
1 1849 969 537 415 87 47 2
1 1849 970 537 415 87 47 2
1 1849 971 537 415 87 47 2
1 1849 972 537 415 87 47 2
1 1849 973 537 415 87 47 2
1 1849 974 537 415 87 47 2
1 1849 975 537 415 87 47 2
1 1849 976 537 415 87 47 2
1 1849 977 537 415 87 47 2
1 1849 978 537 415 87 47 2
1 1849 979 537 415 87 47 2
1 1849 980 537 415 87 47 2
1 1849 981 537 415 87 47 2
1 1849 982 537 415 87 47 2
1 1849 983 537 415 87 47 2
1 1849 984 537 415 87 47 2
1 1849 985 537 415 87 47 2
1 1849 986 537 415 87 47 2
1 1849 987 537 415 87 47 2
1 1849 988 537 415 87 47 2
1 1849 989 537 415 87 47 2
1 1849 990 537 415 87 47 2
1 1849 991 537 415 87 47 2
1 1849 992 537 415 87 47 2
1 1849 993 537 415 87 47 2
1 1849 994 537 415 87 47 2
1 1849 995 537 415 87 47 2
1 1849 996 537 415 87 47 2
1 1849 997 537 415 87 47 2
1 1849 998 537 415 87 47 2
1 1849 999 537 415 87 47 2
1 1849 1000 537 415 87 47 2
1 1849 1001 537 415 87 47 2
1 1849 1002 537 415 87 47 2
1 1849 1003 537 415 87 47 2
1 1849 1004 537 415 87 47 2
1 1849 1005 537 415 87 47 2
1 1849 1006 537 415 87 47 2
1 1849 1007 537 415 87 47 2
1 1849 1008 537 415 87 47 2
1 1849 1009 537 415 87 47 2
1 1849 1010 537 415 87 47 2
1 1849 1011 537 415 87 47 2
1 1849 1012 537 415 87 47 2
1 1849 1013 537 415 87 47 2
1 1849 1014 537 415 87 47 2
1 1849 1015 537 415 87 47 2
1 1849 1016 537 415 87 47 2
1 1849 1017 537 415 87 47 2
1 1849 1018 537 415 87 47 2
1 1849 1019 537 415 87 47 2
1 1849 1020 537 415 87 47 2
1 1849 1021 537 415 87 47 2
1 1849 1022 537 415 87 47 2
1 1849 1023 537 415 87 47 2
1 1849 1024 537 415 87 47 2
1 1849 1025 537 415 87 47 2
1 1849 1026 537 415 87 47 2
1 1849 1027 537 415 87 47 2
1 1849 1028 537 415 87 47 2
1 1849 1029 537 415 87 47 2
1 1849 1030 537 415 87 47 2
1 1849 1031 537 415 87 47 2
1 1849 1032 537 415 87 47 2
1 1849 1033 537 415 87 47 2
1 1849 1034 537 415 87 47 2
1 1849 1035 537 415 87 47 2
1 1849 1036 537 415 87 47 2
1 1849 1037 537 415 87 47 2
1 1849 1038 537 415 87 47 2
1 1849 1039 537 415 87 47 2
1 1849 1040 537 415 87 47 2
1 1849 1041 537 415 87 47 2
1 1849 1042 537 415 87 47 2
1 1849 1043 537 415 87 47 2
1 1849 1044 537 415 87 47 2
1 1849 1045 537 415 87 47 2
1 1849 1046 537 415 87 47 2
1 1849 1047 537 415 87 47 2
1 1849 1048 537 415 87 47 2
1 1849 1049 537 415 87 47 2
1 1849 1050 537 415 87 47 2
1 1849 1051 537 415 87 47 2
1 1849 1052 537 415 87 47 2
1 1849 1053 537 415 87 47 2
1 1849 1054 537 415 87 47 2
1 1849 1055 537 415 87 47 2
1 1849 1056 537 415 87 47 2
1 1849 1057 537 415 87 47 2
1 1849 1058 537 415 87 47 2
1 1849 1059 537 415 87 47 2
1 1849 1060 537 415 87 47 2
1 1849 1061 537 415 87 47 2
1 1849 1062 537 415 87 47 2
1 1849 1063 537 415 87 47 2
1 1849 1064 537 415 87 47 2
1 1849 1065 537 415 87 47 2
1 1849 1066 537 415 87 47 2
1 1849 1067 537 415 87 47 2
1 1849 1068 537 415 87 47 2
1 1849 1069 537 415 87 47 2
1 1849 1070 537 415 87 47 2
1 1849 1071 537 415 87 47 2
1 1849 1072 537 415 87 47 2
1 1849 1073 537 415 87 47 2
1 1849 1074 537 415 87 47 2
1 1849 1075 537 415 87 47 2
1 1849 1076 537 415 87 47 2
1 1849 1077 537 415 87 47 2
1 1849 1078 537 415 87 47 2
1 1849 1079 537 415 87 47 2
1 1849 1080 537 415 87 47 2
1 1849 1081 537 415 87 47 2
1 1849 1082 537 415 87 47 2
1 1849 1083 537 415 87 47 2
1 1849 1084 537 415 87 47 2
1 1849 1085 537 415 87 47 2
1 1849 1086 537 415 87 47 2
1 1849 1087 537 415 87 47 2
1 1849 1088 537 415 87 47 2
1 1849 1089 537 415 87 47 2
1 1849 1090 537 415 87 47 2
1 1849 1091 537 415 87 47 2
1 1849 1092 537 415 87 47 2
1 1849 1093 537 415 87 47 2
1 1849 1094 537 415 87 47 2
1 1849 1095 537 415 87 47 2
1 1849 1096 537 415 87 47 2
1 1849 1097 537 415 87 47 2
1 1849 1098 537 415 87 47 2
1 1849 1099 537 415 87 47 2
1 1849 1100 537 415 87 47 2
1 1849 1101 537 415 87 47 2
1 1849 1102 537 415 87 47 2
1 1849 1103 537 415 87 47 2
1 1849 1104 537 415 87 47 2
1 1849 1105 537 415 87 47 2
1 1849 1106 537 415 87 47 2
1 1849 1107 537 415 87 47 2
1 1849 1108 537 415 87 47 2
1 1849 1109 537 415 87 47 2
1 1849 1110 537 415 87 47 2
1 1849 1111 537 415 87 47 2
1 1849 1112 537 415 87 47 2
1 1849 1113 537 415 87 47 2
1 1849 1114 537 415 87 47 2
1 1849 1115 537 415 87 47 2
1 1849 1116 537 415 87 47 2
1 1849 1117 537 415 87 47 2
1 1849 1118 537 415 87 47 2
1 1849 1119 537 415 87 47 2
1 1849 1120 537 415 87 47 2
1 1849 1121 537 415 87 47 2
1 1849 1122 537 415 87 47 2
1 1849 1123 537 415 87 47 2
1 1849 1124 537 415 87 47 2
1 1849 1125 537 415 87 47 2
1 1849 1126 537 415 87 47 2
1 1849 1127 537 415 87 47 2
1 1849 1128 537 415 87 47 2
1 1849 1129 537 415 87 47 2
1 1849 1130 537 415 87 47 2
1 1849 1131 537 415 87 47 2
1 1849 1132 537 415 87 47 2
1 1849 1133 537 415 87 47 2
1 1849 1134 537 415 87 47 2
1 1849 1135 537 415 87 47 2
1 1849 1136 537 415 87 47 2
1 1849 1137 537 415 87 47 2
1 1849 1138 537 415 87 47 2
1 1849 1139 537 415 87 47 2
1 1849 1140 537 415 87 47 2
1 1849 1141 537 415 87 47 2
1 1849 1142 537 415 87 47 2
1 1849 1143 537 415 87 47 2
1 1849 1144 537 415 87 47 2
1 1849 1145 537 415 87 47 2
1 1849 1146 537 415 87 47 2
1 1849 1147 537 415 87 47 2
1 1849 1148 537 415 87 47 2
1 1849 1149 537 415 87 47 2
1 1849 1150 537 415 87 47 2
1 1849 1151 537 415 87 47 2
1 1849 1152 537 415 87 47 2
1 1849 1153 537 415 87 47 2
1 1849 1154 537 415 87 47 2
1 1849 1155 537 415 87 47 2
1 1849 1156 537 415 87 47 2
1 1849 1157 537 415 87 47 2
1 1849 1158 537 415 87 47 2
1 1849 1159 537 415 87 47 2
1 1849 1160 537 415 87 47 2
1 1849 1161 537 415 87 47 2
1 1849 1162 537 415 87 47 2
1 1849 1163 537 415 87 47 2
1 1849 1164 537 415 87 47 2
1 1849 1165 537 415 87 47 2
1 1849 1166 537 415 87 47 2
1 1849 1167 537 415 87 47 2
1 1849 1168 537 415 87 47 2
1 1849 1169 537 415 87 47 2
1 1849 1170 537 415 87 47 2
1 1849 1171 537 415 87 47 2
1 1849 1172 537 415 87 47 2
1 1849 1173 537 415 87 47 2
1 1849 1174 537 415 87 47 2
1 1849 1175 537 415 87 47 2
1 1849 1176 537 415 87 47 2
1 1849 1177 537 415 87 47 2
1 1849 1178 537 415 87 47 2
1 1849 1179 537 415 87 47 2
1 1849 1180 537 415 87 47 2
1 1849 1181 537 415 87 47 2
1 1849 1182 537 415 87 47 2
1 1849 1183 537 415 87 47 2
1 1849 1184 537 415 87 47 2
1 1849 1185 537 415 87 47 2
1 1849 1186 537 415 87 47 2
1 1849 1187 537 415 87 47 2
1 1849 1188 537 415 87 47 2
1 1849 1189 537 415 87 47 2
1 1849 1190 537 415 87 47 2
1 1849 1191 537 415 87 47 2
1 1849 1192 537 415 87 47 2
1 1849 1193 537 415 87 47 2
1 1849 1194 537 415 87 47 2
1 1849 1195 537 415 87 47 2
1 1849 1196 537 415 87 47 2
1 1849 1197 537 415 87 47 2
1 1849 1198 537 415 87 47 2
1 1849 1199 537 415 87 47 2
1 1849 1200 537 415 87 47 2
1 1849 1201 537 415 87 47 2
1 1849 1202 537 415 87 47 2
1 1849 1203 537 415 87 47 2
1 1849 1204 537 415 87 47 2
1 1849 1205 537 415 87 47 2
1 1849 1206 537 415 87 47 2
1 1849 1207 537 415 87 47 2
1 1849 1208 537 415 87 47 2
1 1849 1209 537 415 87 47 2
1 1849 1210 537 415 87 47 2
1 1849 1211 537 415 87 47 2
1 1849 1212 537 415 87 47 2
1 1849 1213 537 415 87 47 2
1 1849 1214 537 415 87 47 2
1 1849 1215 537 415 87 47 2
1 1849 1216 537 415 87 47 2
1 1849 1217 537 415 87 47 2
1 1849 1218 537 415 87 47 2
1 1849 1219 537 415 87 47 2
1 1849 1220 537 415 87 47 2
1 1849 1221 537 415 87 47 2
1 1849 1222 537 415 87 47 2
1 1849 1223 537 415 87 47 2
1 1849 1224 537 415 87 47 2
1 1849 1225 537 415 87 47 2
1 1849 1226 537 415 87 47 2
1 1849 1227 537 415 87 47 2
1 1849 1228 537 415 87 47 2
1 1849 1229 537 415 87 47 2
1 1849 1230 537 415 87 47 2
1 1849 1231 537 415 87 47 2
1 1849 1232 537 415 87 47 2
1 1849 1233 537 415 87 47 2
1 1849 1234 537 415 87 47 2
1 1849 1235 537 415 87 47 2
1 1849 1236 537 415 87 47 2
1 1849 1237 537 415 87 47 2
1 1849 1238 537 415 87 47 2
1 1849 1239 537 415 87 47 2
1 1849 1240 537 415 87 47 2
1 1849 1241 537 415 87 47 2
1 1849 1242 537 415 87 47 2
1 1849 1243 537 415 87 47 2
1 1849 1244 537 415 87 47 2
1 1849 1245 537 415 87 47 2
1 1849 1246 537 415 87 47 2
1 1849 1247 537 415 87 47 2
1 1849 1248 537 415 87 47 2
1 1849 1249 537 415 87 47 2
1 1849 1250 537 415 87 47 2
1 1849 1251 537 415 87 47 2
1 1849 1252 537 415 87 47 2
1 1849 1253 537 415 87 47 2
1 1849 1254 537 415 87 47 2
1 1849 1255 537 415 87 47 2
1 1849 1256 537 415 87 47 2
1 1849 1257 537 415 87 47 2
1 1849 1258 537 415 87 47 2
1 1849 1259 537 415 87 47 2
1 1849 1260 537 415 87 47 2
1 1849 1261 537 415 87 47 2
1 1849 1262 537 415 87 47 2
1 1849 1263 537 415 87 47 2
1 1849 1264 537 415 87 47 2
1 1849 1265 537 415 87 47 2
1 1849 1266 537 415 87 47 2
1 1849 1267 537 415 87 47 2
1 1849 1268 537 415 87 47 2
1 1849 1269 537 415 87 47 2
1 1849 1270 537 415 87 47 2
1 1849 1271 537 415 87 47 2
1 1849 1272 537 415 87 47 2
1 1849 1273 537 415 87 47 2
1 1849 1274 537 415 87 47 2
1 1849 1275 537 415 87 47 2
1 1849 1276 537 415 87 47 2
1 1849 1277 537 415 87 47 2
1 1849 1278 537 415 87 47 2
1 1849 1279 537 415 87 47 2
1 1849 1280 537 415 87 47 2
1 1849 1281 537 415 87 47 2
1 1849 1282 537 415 87 47 2
1 1849 1283 537 415 87 47 2
1 1849 1284 537 415 87 47 2
1 1849 1285 537 415 87 47 2
1 1849 1286 537 415 87 47 2
1 1849 1287 537 415 87 47 2
1 1849 1288 537 415 87 47 2
1 1849 1289 537 415 87 47 2
1 1849 1290 537 415 87 47 2
1 1849 1291 537 415 87 47 2
1 1849 1292 537 415 87 47 2
1 1849 1293 537 415 87 47 2
1 1849 1294 537 415 87 47 2
1 1849 1295 537 415 87 47 2
1 1849 1296 537 415 87 47 2
1 1849 1297 537 415 87 47 2
1 1849 1298 537 415 87 47 2
1 1849 1299 537 415 87 47 2
1 1849 1300 537 415 87 47 2
1 1849 1301 537 415 87 47 2
1 1849 1302 537 415 87 47 2
1 1849 1303 537 415 87 47 2
1 1849 1304 537 415 87 47 2
1 1849 1305 537 415 87 47 2
1 1849 1306 537 415 87 47 2
1 1849 1307 537 415 87 47 2
1 1849 1308 537 415 87 47 2
1 1849 1309 537 415 87 47 2
1 1849 1310 537 415 87 47 2
1 1849 1311 537 415 87 47 2
1 1849 1312 537 415 87 47 2
1 1849 1313 537 415 87 47 2
1 1849 1314 537 415 87 47 2
1 1849 1315 537 415 87 47 2
1 1849 1316 537 415 87 47 2
1 1849 1317 537 415 87 47 2
1 1849 1318 537 415 87 47 2
1 1849 1319 537 415 87 47 2
1 1849 1320 537 415 87 47 2
1 1849 1321 537 415 87 47 2
1 1849 1322 537 415 87 47 2
1 1849 1323 537 415 87 47 2
1 1849 1324 537 415 87 47 2
1 1849 1325 537 415 87 47 2
1 1849 1326 537 415 87 47 2
1 1849 1327 537 415 87 47 2
1 1849 1328 537 415 87 47 2
1 1849 1329 537 415 87 47 2
1 1849 1330 537 415 87 47 2
1 1849 1331 537 415 87 47 2
1 1849 1332 537 415 87 47 2
1 1849 1333 537 415 87 47 2
1 1849 1334 537 415 87 47 2
1 1849 1335 537 415 87 47 2
1 1849 1336 537 415 87 47 2
1 1849 1337 537 415 87 47 2
1 1849 1338 537 415 87 47 2
1 1849 1339 537 415 87 47 2
1 1849 1340 537 415 87 47 2
1 1849 1341 537 415 87 47 2
1 1849 1342 537 415 87 47 2
1 1849 1343 537 415 87 47 2
1 1849 1344 537 415 87 47 2
1 1849 1345 537 415 87 47 2
1 1849 1346 537 415 87 47 2
1 1849 1347 537 415 87 47 2
1 1849 1348 537 415 87 47 2
1 1849 1349 537 415 87 47 2
1 1849 1350 537 415 87 47 2
1 1849 1351 537 415 87 47 2
1 1849 1352 537 415 87 47 2
1 1849 1353 537 415 87 47 2
1 1849 1354 537 415 87 47 2
1 1849 1355 537 415 87 47 2
1 1849 1356 537 415 87 47 2
1 1849 1357 537 415 87 47 2
1 1849 1358 537 415 87 47 2
1 1849 1359 537 415 87 47 2
1 1849 1360 537 415 87 47 2
1 1849 1361 537 415 87 47 2
1 1849 1362 537 415 87 47 2
1 1849 1363 537 415 87 47 2
1 1849 1364 537 415 87 47 2
1 1849 1365 537 415 87 47 2
1 1849 1366 537 415 87 47 2
1 1849 1367 537 415 87 47 2
1 1849 1368 537 415 87 47 2
1 1849 1369 537 415 87 47 2
1 1849 1370 537 415 87 47 2
1 1849 1371 537 415 87 47 2
1 1849 1372 537 415 87 47 2
1 1849 1373 537 415 87 47 2
1 1849 1374 537 415 87 47 2
1 1849 1375 537 415 87 47 2
1 1849 1376 537 415 87 47 2
1 1849 1377 537 415 87 47 2
1 1849 1378 537 415 87 47 2
1 1849 1379 537 415 87 47 2
1 1849 1380 537 415 87 47 2
1 1849 1381 537 415 87 47 2
1 1849 1382 537 415 87 47 2
1 1849 1383 537 415 87 47 2
1 1849 1384 537 415 87 47 2
1 1849 1385 537 415 87 47 2
1 1849 1386 537 415 87 47 2
1 1849 1387 537 415 87 47 2
1 1849 1388 537 415 87 47 2
1 1849 1389 537 415 87 47 2
1 1849 1390 537 415 87 47 2
1 1849 1391 537 415 87 47 2
1 1849 1392 537 415 87 47 2
1 1849 1393 537 415 87 47 2
1 1849 1394 537 415 87 47 2
1 1849 1395 537 415 87 47 2
1 1849 1396 537 415 87 47 2
1 1849 1397 537 415 87 47 2
1 1849 1398 537 415 87 47 2
1 1849 1399 537 415 87 47 2
1 1849 1400 537 415 87 47 2
1 1849 1401 537 415 87 47 2
1 1849 1402 537 415 87 47 2
1 1849 1403 537 415 87 47 2
1 1849 1404 537 415 87 47 2
1 1849 1405 537 415 87 47 2
1 1849 1406 537 415 87 47 2
1 1849 1407 537 415 87 47 2
1 1849 1408 537 415 87 47 2
1 1849 1409 537 415 87 47 2
1 1849 1410 537 415 87 47 2
1 1849 1411 537 415 87 47 2
1 1849 1412 537 415 87 47 2
1 1849 1413 537 415 87 47 2
1 1849 1414 537 415 87 47 2
1 1849 1415 537 415 87 47 2
1 1849 1416 537 415 87 47 2
1 1849 1417 537 415 87 47 2
1 1849 1418 537 415 87 47 2
1 1849 1419 537 415 87 47 2
1 1849 1420 537 415 87 47 2
1 1849 1421 537 415 87 47 2
1 1849 1422 537 415 87 47 2
1 1849 1423 537 415 87 47 2
1 1849 1424 537 415 87 47 2
1 1849 1425 537 415 87 47 2
1 1849 1426 537 415 87 47 2
1 1849 1427 537 415 87 47 2
1 1849 1428 537 415 87 47 2
1 1849 1429 537 415 87 47 2
1 1849 1430 537 415 87 47 2
1 1849 1431 537 415 87 47 2
1 1849 1432 537 415 87 47 2
1 1849 1433 537 415 87 47 2
1 1849 1434 537 415 87 47 2
1 1849 1435 537 415 87 47 2
1 1849 1436 537 415 87 47 2
1 1849 1437 537 415 87 47 2
1 1849 1438 537 415 87 47 2
1 1849 1439 537 415 87 47 2
1 1849 1440 537 415 87 47 2
1 1849 1441 537 415 87 47 2
1 1849 1442 537 415 87 47 2
1 1849 1443 537 415 87 47 2
1 1849 1444 537 415 87 47 2
1 1849 1445 537 415 87 47 2
1 1849 1446 537 415 87 47 2
1 1849 1447 537 415 87 47 2
1 1849 1448 537 415 87 47 2
1 1849 1449 537 415 87 47 2
1 1849 1450 537 415 87 47 2
1 1849 1451 537 415 87 47 2
1 1849 1452 537 415 87 47 2
1 1849 1453 537 415 87 47 2
1 1849 1454 537 415 87 47 2
1 1849 1455 537 415 87 47 2
1 1849 1456 537 415 87 47 2
1 1849 1457 537 415 87 47 2
1 1849 1458 537 415 87 47 2
1 1849 1459 537 415 87 47 2
1 1849 1460 537 415 87 47 2
1 1849 1461 537 415 87 47 2
1 1849 1462 537 415 87 47 2
1 1849 1463 537 415 87 47 2
1 1849 1464 537 415 87 47 2
1 1849 1465 537 415 87 47 2
1 1849 1466 537 415 87 47 2
1 1849 1467 537 415 87 47 2
1 1849 1468 537 415 87 47 2
1 1849 1469 537 415 87 47 2
1 1849 1470 537 415 87 47 2
1 1849 1471 537 415 87 47 2
1 1849 1472 537 415 87 47 2
1 1849 1473 537 415 87 47 2
1 1849 1474 537 415 87 47 2
1 1849 1475 537 415 87 47 2
1 1849 1476 537 415 87 47 2
1 1849 1477 537 415 87 47 2
1 1849 1478 537 415 87 47 2
1 1849 1479 537 415 87 47 2
1 1849 1480 537 415 87 47 2
1 1849 1481 537 415 87 47 2
1 1849 1482 537 415 87 47 2
1 1849 1483 537 415 87 47 2
1 1849 1484 537 415 87 47 2
1 1849 1485 537 415 87 47 2
1 1849 1486 537 415 87 47 2
1 1849 1487 537 415 87 47 2
1 1849 1488 537 415 87 47 2
1 1849 1489 537 415 87 47 2
1 1849 1490 537 415 87 47 2
1 1849 1491 537 415 87 47 2
1 1849 1492 537 415 87 47 2
1 1849 1493 537 415 87 47 2
1 1849 1494 537 415 87 47 2
1 1849 1495 537 415 87 47 2
1 1849 1496 537 415 87 47 2
1 1849 1497 537 415 87 47 2
1 1849 1498 537 415 87 47 2
1 1849 1499 537 415 87 47 2
1 1849 1500 537 415 87 47 2
1 1849 1501 537 415 87 47 2
1 1849 1502 537 415 87 47 2
1 1849 1503 537 415 87 47 2
1 1849 1504 537 415 87 47 2
1 1849 1505 537 415 87 47 2
1 1849 1506 537 415 87 47 2
1 1849 1507 537 415 87 47 2
1 1849 1508 537 415 87 47 2
1 1849 1509 537 415 87 47 2
1 1849 1510 537 415 87 47 2
1 1849 1511 537 415 87 47 2
1 1849 1512 537 415 87 47 2
1 1849 1513 537 415 87 47 2
1 1849 1514 537 415 87 47 2
1 1849 1515 537 415 87 47 2
1 1849 1516 537 415 87 47 2
1 1849 1517 537 415 87 47 2
1 1849 1518 537 415 87 47 2
1 1849 1519 537 415 87 47 2
1 1849 1520 537 415 87 47 2
1 1849 1521 537 415 87 47 2
1 1849 1522 537 415 87 47 2
1 1849 1523 537 415 87 47 2
1 1849 1524 537 415 87 47 2
1 1849 1525 537 415 87 47 2
1 1849 1526 537 415 87 47 2
1 1849 1527 537 415 87 47 2
1 1849 1528 537 415 87 47 2
1 1849 1529 537 415 87 47 2
1 1849 1530 537 415 87 47 2
1 1849 1531 537 415 87 47 2
1 1849 1532 537 415 87 47 2
1 1849 1533 537 415 87 47 2
1 1849 1534 537 415 87 47 2
1 1849 1535 537 415 87 47 2
1 1849 1536 537 415 87 47 2
1 1849 1537 537 415 87 47 2
1 1849 1538 537 415 87 47 2
1 1849 1539 537 415 87 47 2
1 1849 1540 537 415 87 47 2
1 1849 1541 537 415 87 47 2
1 1849 1542 537 415 87 47 2
1 1849 1543 537 415 87 47 2
1 1849 1544 537 415 87 47 2
1 1849 1545 537 415 87 47 2
1 1849 1546 537 415 87 47 2
1 1849 1547 537 415 87 47 2
1 1849 1548 537 415 87 47 2
1 1849 1549 537 415 87 47 2
1 1849 1550 537 415 87 47 2
1 1849 1551 537 415 87 47 2
1 1849 1552 537 415 87 47 2
1 1849 1553 537 415 87 47 2
1 1849 1554 537 415 87 47 2
1 1849 1555 537 415 87 47 2
1 1849 1556 537 415 87 47 2
1 1849 1557 537 415 87 47 2
1 1849 1558 537 415 87 47 2
1 1849 1559 537 415 87 47 2
1 1849 1560 537 415 87 47 2
1 1849 1561 537 415 87 47 2
1 1849 1562 537 415 87 47 2
1 1849 1563 537 415 87 47 2
1 1849 1564 537 415 87 47 2
1 1849 1565 537 415 87 47 2
1 1849 1566 537 415 87 47 2
1 1849 1567 537 415 87 47 2
1 1849 1568 537 415 87 47 2
1 1849 1569 537 415 87 47 2
1 1849 1570 537 415 87 47 2
1 1849 1571 537 415 87 47 2
1 1849 1572 537 415 87 47 2
1 1849 1573 537 415 87 47 2
1 1849 1574 537 415 87 47 2
1 1849 1575 537 415 87 47 2
1 1849 1576 537 415 87 47 2
1 1849 1577 537 415 87 47 2
1 1849 1578 537 415 87 47 2
1 1849 1579 537 415 87 47 2
1 1849 1580 537 415 87 47 2
1 1849 1581 537 415 87 47 2
1 1849 1582 537 415 87 47 2
1 1849 1583 537 415 87 47 2
1 1849 1584 537 415 87 47 2
1 1849 1585 537 415 87 47 2
1 1849 1586 537 415 87 47 2
1 1849 1587 537 415 87 47 2
1 1849 1588 537 415 87 47 2
1 1849 1589 537 415 87 47 2
1 1849 1590 537 415 87 47 2
1 1849 1591 537 415 87 47 2
1 1849 1592 537 415 87 47 2
1 1849 1593 537 415 87 47 2
1 1849 1594 537 415 87 47 2
1 1849 1595 537 415 87 47 2
1 1849 1596 537 415 87 47 2
1 1849 1597 537 415 87 47 2
1 1849 1598 537 415 87 47 2
1 1849 1599 537 415 87 47 2
1 1849 1600 537 415 87 47 2
1 1849 1601 537 415 87 47 2
1 1849 1602 537 415 87 47 2
1 1849 1603 537 415 87 47 2
1 1849 1604 537 415 87 47 2
1 1849 1605 537 415 87 47 2
1 1849 1606 537 415 87 47 2
1 1849 1607 537 415 87 47 2
1 1849 1608 537 415 87 47 2
1 1849 1609 537 415 87 47 2
1 1849 1610 537 415 87 47 2
1 1849 1611 537 415 87 47 2
1 1849 1612 537 415 87 47 2
1 1849 1613 537 415 87 47 2
1 1849 1614 537 415 87 47 2
1 1849 1615 537 415 87 47 2
1 1849 1616 537 415 87 47 2
1 1849 1617 537 415 87 47 2
1 1849 1618 537 415 87 47 2
1 1849 1619 537 415 87 47 2
1 1849 1620 537 415 87 47 2
1 1849 1621 537 415 87 47 2
1 1849 1622 537 415 87 47 2
1 1849 1623 537 415 87 47 2
1 1849 1624 537 415 87 47 2
1 1849 1625 537 415 87 47 2
1 1849 1626 537 415 87 47 2
1 1849 1627 537 415 87 47 2
1 1849 1628 537 415 87 47 2
1 1849 1629 537 415 87 47 2
1 1849 1630 537 415 87 47 2
1 1849 1631 537 415 87 47 2
1 1849 1632 537 415 87 47 2
1 1849 1633 537 415 87 47 2
1 1849 1634 537 415 87 47 2
1 1849 1635 537 415 87 47 2
1 1849 1636 537 415 87 47 2
1 1849 1637 537 415 87 47 2
1 1849 1638 537 415 87 47 2
1 1849 1639 537 415 87 47 2
1 1849 1640 537 415 87 47 2
1 1849 1641 537 415 87 47 2
1 1849 1642 537 415 87 47 2
1 1849 1643 537 415 87 47 2
1 1849 1644 537 415 87 47 2
1 1849 1645 537 415 87 47 2
1 1849 1646 537 415 87 47 2
1 1849 1647 537 415 87 47 2
1 1849 1648 537 415 87 47 2
1 1849 1649 537 415 87 47 2
1 1849 1650 537 415 87 47 2
1 1849 1651 537 415 87 47 2
1 1849 1652 537 415 87 47 2
1 1849 1653 537 415 87 47 2
1 1849 1654 537 415 87 47 2
1 1849 1655 537 415 87 47 2
1 1849 1656 537 415 87 47 2
1 1849 1657 537 415 87 47 2
1 1849 1658 537 415 87 47 2
1 1849 1659 537 415 87 47 2
1 1849 1660 537 415 87 47 2
1 1849 1661 537 415 87 47 2
1 1849 1662 537 415 87 47 2
1 1849 1663 537 415 87 47 2
1 1849 1664 537 415 87 47 2
1 1849 1665 537 415 87 47 2
1 1849 1666 537 415 87 47 2
1 1849 1667 537 415 87 47 2
1 1849 1668 537 415 87 47 2
1 1849 1669 537 415 87 47 2
1 1849 1670 537 415 87 47 2
1 1849 1671 537 415 87 47 2
1 1849 1672 537 415 87 47 2
1 1849 1673 537 415 87 47 2
1 1849 1674 537 415 87 47 2
1 1849 1675 537 415 87 47 2
1 1849 1676 537 415 87 47 2
1 1849 1677 537 415 87 47 2
1 1849 1678 537 415 87 47 2
1 1849 1679 537 415 87 47 2
1 1849 1680 537 415 87 47 2
1 1849 1681 537 415 87 47 2
1 1849 1682 537 415 87 47 2
1 1849 1683 537 415 87 47 2
1 1849 1684 537 415 87 47 2
1 1849 1685 537 415 87 47 2
1 1849 1686 537 415 87 47 2
1 1849 1687 537 415 87 47 2
1 1849 1688 537 415 87 47 2
1 1849 1689 537 415 87 47 2
1 1849 1690 537 415 87 47 2
1 1849 1691 537 415 87 47 2
1 1849 1692 537 415 87 47 2
1 1849 1693 537 415 87 47 2
1 1849 1694 537 415 87 47 2
1 1849 1695 537 415 87 47 2
1 1849 1696 537 415 87 47 2
1 1849 1697 537 415 87 47 2
1 1849 1698 537 415 87 47 2
1 1849 1699 537 415 87 47 2
1 1849 1700 537 415 87 47 2
1 1849 1701 537 415 87 47 2
1 1849 1702 537 415 87 47 2
1 1849 1703 537 415 87 47 2
1 1849 1704 537 415 87 47 2
1 1849 1705 537 415 87 47 2
1 1849 1706 537 415 87 47 2
1 1849 1707 537 415 87 47 2
1 1849 1708 537 415 87 47 2
1 1849 1709 537 415 87 47 2
1 1849 1710 537 415 87 47 2
1 1849 1711 537 415 87 47 2
1 1849 1712 537 415 87 47 2
1 1849 1713 537 415 87 47 2
1 1849 1714 537 415 87 47 2
1 1849 1715 537 415 87 47 2
1 1849 1716 537 415 87 47 2
1 1849 1717 537 415 87 47 2
1 1849 1718 537 415 87 47 2
1 1849 1719 537 415 87 47 2
1 1849 1720 537 415 87 47 2
1 1849 1721 537 415 87 47 2
1 1849 1722 537 415 87 47 2
1 1849 1723 537 415 87 47 2
1 1849 1724 537 415 87 47 2
1 1849 1725 537 415 87 47 2
1 1849 1726 537 415 87 47 2
1 1849 1727 537 415 87 47 2
1 1849 1728 537 415 87 47 2
1 1849 1729 537 415 87 47 2
1 1849 1730 537 415 87 47 2
1 1849 1731 537 415 87 47 2
1 1849 1732 537 415 87 47 2
1 1849 1733 537 415 87 47 2
1 1849 1734 537 415 87 47 2
1 1849 1735 537 415 87 47 2
1 1849 1736 537 415 87 47 2
1 1849 1737 537 415 87 47 2
1 1849 1738 537 415 87 47 2
1 1849 1739 537 415 87 47 2
1 1849 1740 537 415 87 47 2
1 1849 1741 537 415 87 47 2
1 1849 1742 537 415 87 47 2
1 1849 1743 537 415 87 47 2
1 1849 1744 537 415 87 47 2
1 1849 1745 537 415 87 47 2
1 1849 1746 537 415 87 47 2
1 1849 1747 537 415 87 47 2
1 1849 1748 537 415 87 47 2
1 1849 1749 537 415 87 47 2
1 1849 1750 537 415 87 47 2
1 1849 1751 537 415 87 47 2
1 1849 1752 537 415 87 47 2
1 1849 1753 537 415 87 47 2
1 1849 1754 537 415 87 47 2
1 1849 1755 537 415 87 47 2
1 1849 1756 537 415 87 47 2
1 1849 1757 537 415 87 47 2
1 1849 1758 537 415 87 47 2
1 1849 1759 537 415 87 47 2
1 1849 1760 537 415 87 47 2
1 1849 1761 537 415 87 47 2
1 1849 1762 537 415 87 47 2
1 1849 1763 537 415 87 47 2
1 1849 1764 537 415 87 47 2
1 1849 1765 537 415 87 47 2
1 1849 1766 537 415 87 47 2
1 1849 1767 537 415 87 47 2
1 1849 1768 537 415 87 47 2
1 1849 1769 537 415 87 47 2
1 1849 1770 537 415 87 47 2
1 1849 1771 537 415 87 47 2
1 1849 1772 537 415 87 47 2
1 1849 1773 537 415 87 47 2
1 1849 1774 537 415 87 47 2
1 1849 1775 537 415 87 47 2
1 1849 1776 537 415 87 47 2
1 1849 1777 537 415 87 47 2
1 1849 1778 537 415 87 47 2
1 1849 1779 537 415 87 47 2
1 1849 1780 537 415 87 47 2
1 1849 1781 537 415 87 47 2
1 1849 1782 537 415 87 47 2
1 1849 1783 537 415 87 47 2
1 1849 1784 537 415 87 47 2
1 1849 1785 537 415 87 47 2
1 1849 1786 537 415 87 47 2
1 1849 1787 537 415 87 47 2
1 1849 1788 537 415 87 47 2
1 1849 1789 537 415 87 47 2
1 1849 1790 537 415 87 47 2
1 1849 1791 537 415 87 47 2
1 1849 1792 537 415 87 47 2
1 1849 1793 537 415 87 47 2
1 1849 1794 537 415 87 47 2
1 1849 1795 537 415 87 47 2
1 1849 1796 537 415 87 47 2
1 1849 1797 537 415 87 47 2
1 1849 1798 537 415 87 47 2
1 1849 1799 537 415 87 47 2
1 1849 1800 537 415 87 47 2
1 1849 1801 537 415 87 47 2
1 1849 1802 537 415 87 47 2
1 1849 1803 537 415 87 47 2
1 1849 1804 537 415 87 47 2
1 1849 1805 537 415 87 47 2
1 1849 1806 537 415 87 47 2
1 1849 1807 537 415 87 47 2
1 1849 1808 537 415 87 47 2
1 1849 1809 537 415 87 47 2
1 1849 1810 537 415 87 47 2
1 1849 1811 537 415 87 47 2
1 1849 1812 537 415 87 47 2
1 1849 1813 537 415 87 47 2
1 1849 1814 537 415 87 47 2
1 1849 1815 537 415 87 47 2
1 1849 1816 537 415 87 47 2
1 1849 1817 537 415 87 47 2
1 1849 1818 537 415 87 47 2
1 1849 1819 537 415 87 47 2
1 1849 1820 537 415 87 47 2
1 1849 1821 537 415 87 47 2
1 1849 1822 537 415 87 47 2
1 1849 1823 537 415 87 47 2
1 1849 1824 537 415 87 47 2
1 1849 1825 537 415 87 47 2
1 1849 1826 537 415 87 47 2
1 1849 1827 537 415 87 47 2
1 1849 1828 537 415 87 47 2
1 1849 1829 537 415 87 47 2
1 1849 1830 537 415 87 47 2
1 1849 1831 537 415 87 47 2
1 1849 1832 537 415 87 47 2
1 1849 1833 537 415 87 47 2
1 1849 1834 537 415 87 47 2
1 1849 1835 537 415 87 47 2
1 1849 1836 537 415 87 47 2
1 1849 1837 537 415 87 47 2
1 1849 1838 537 415 87 47 2
1 1849 1839 537 415 87 47 2
1 1849 1840 537 415 87 47 2
1 1849 1841 537 415 87 47 2
1 1849 1842 537 415 87 47 2
1 1849 1843 537 415 87 47 2
1 1849 1844 537 415 87 47 2
1 1849 1845 537 415 87 47 2
1 1849 1846 537 415 87 47 2
1 1849 1847 537 415 87 47 2
1 1849 1848 537 415 87 47 2
2 1041 597 556 416 11 37 1
2 1041 598 556 416 11 37 1
2 1041 599 556 416 11 37 1
2 1041 600 556 416 11 37 1
2 1041 601 556 416 11 37 1
2 1041 602 556 416 11 37 1
2 1041 603 556 416 11 37 1
2 1041 604 556 416 11 37 1
2 1041 605 556 416 11 37 1
2 1041 606 556 416 11 37 1
2 1041 607 556 416 11 37 1
2 1041 608 555 415 11 38 1
2 1041 609 555 415 11 38 1
2 1041 610 555 415 11 38 1
2 1041 611 555 415 11 38 1
2 1041 612 555 415 11 38 1
2 1041 613 555 415 11 38 1
2 1041 614 555 415 11 38 1
2 1041 615 555 415 11 38 1
2 1041 616 555 415 11 38 1
2 1041 617 554 415 12 38 1
2 1041 618 554 414 12 39 1
2 1041 619 554 414 12 39 1
2 1041 620 554 414 12 39 1
2 1041 621 554 414 12 39 1
2 1041 622 554 414 12 39 1
2 1041 623 554 414 12 39 1
2 1041 624 554 414 12 39 1
2 1041 625 554 414 12 39 1
2 1041 626 554 414 11 39 1
2 1041 627 553 414 12 39 1
2 1041 628 553 413 12 40 1
2 1041 629 553 413 12 40 1
2 1041 630 553 413 12 41 1
2 1041 631 553 413 12 41 1
2 1041 632 553 413 12 41 1
2 1041 633 553 413 12 41 1
2 1041 634 553 413 12 41 1
2 1041 635 553 413 12 41 1
2 1041 636 553 413 12 41 1
2 1041 637 552 412 13 42 1
2 1041 638 552 412 13 42 1
2 1041 639 552 412 13 42 1
2 1041 640 552 412 13 42 1
2 1041 641 552 412 13 42 1
2 1041 642 552 412 13 42 1
2 1041 643 552 412 13 42 1
2 1041 644 552 412 13 42 1
2 1041 645 552 412 13 42 1
2 1041 646 552 412 12 42 1
2 1041 647 551 411 13 43 1
2 1041 648 551 411 14 44 1
2 1041 649 551 411 14 44 1
2 1041 650 551 411 14 44 1
2 1041 651 551 411 14 44 1
2 1041 652 550 411 15 44 1
2 1041 653 550 411 15 44 1
2 1041 654 550 411 15 44 1
2 1041 655 550 411 15 44 1
2 1041 656 549 410 16 45 1
2 1041 657 549 410 16 45 1
2 1041 658 549 410 16 45 1
2 1041 659 549 410 16 45 1
2 1041 660 549 410 16 45 1
2 1041 661 548 410 17 45 1
2 1041 662 548 410 17 45 1
2 1041 663 548 410 17 45 1
2 1041 664 548 409 17 46 1
2 1041 665 547 409 18 46 1
2 1041 666 547 409 18 46 1
2 1041 667 547 409 18 46 1
2 1041 668 547 409 18 46 1
2 1041 669 546 409 19 46 1
2 1041 670 546 409 19 46 1
2 1041 671 546 408 19 47 1
2 1041 672 546 408 19 47 1
2 1041 673 545 408 20 47 1
2 1041 674 545 408 20 47 1
2 1041 675 545 408 20 47 1
2 1041 676 545 408 20 47 1
2 1041 677 544 407 21 48 1
2 1041 678 545 408 21 48 1
2 1041 679 545 408 21 48 1
2 1041 680 545 408 21 48 1
2 1041 681 545 408 21 48 1
2 1041 682 545 408 21 48 1
2 1041 683 545 408 21 48 1
2 1041 684 545 408 21 48 1
2 1041 685 545 408 21 48 1
2 1041 686 545 408 21 48 1
2 1041 687 545 408 21 48 1
2 1041 688 545 408 21 48 1
2 1041 689 545 408 21 48 1
2 1041 690 545 408 21 48 1
2 1041 691 545 408 21 48 1
2 1041 692 545 408 21 48 1
2 1041 693 545 408 21 48 1
2 1041 694 545 408 21 48 1
2 1041 695 545 408 21 48 1
2 1041 696 545 408 21 48 1
2 1041 697 545 408 21 48 1
2 1041 698 545 408 21 48 1
2 1041 699 545 408 21 48 1
2 1041 700 545 408 21 48 1
2 1041 701 545 408 21 48 1
2 1041 702 545 408 21 48 1
2 1041 703 545 408 21 48 1
2 1041 704 545 408 21 48 1
2 1041 705 545 408 21 48 1
2 1041 706 545 408 21 48 1
2 1041 707 545 408 21 48 1
2 1041 708 545 408 21 48 1
2 1041 709 545 408 21 48 1
2 1041 710 545 408 21 48 1
2 1041 711 545 408 21 48 1
2 1041 712 545 408 21 48 1
2 1041 713 545 408 21 48 1
2 1041 714 545 408 21 48 1
2 1041 715 545 408 21 48 1
2 1041 716 545 408 21 48 1
2 1041 717 546 409 21 48 1
2 1041 718 546 409 21 48 1
2 1041 719 546 409 21 48 1
2 1041 720 546 409 21 48 1
2 1041 721 546 409 21 48 1
2 1041 722 546 409 21 48 1
2 1041 723 546 409 21 48 1
2 1041 724 546 409 21 48 1
2 1041 725 546 409 21 48 1
2 1041 726 546 409 21 48 1
2 1041 727 546 409 21 48 1
2 1041 728 546 409 21 48 1
2 1041 729 546 409 21 48 1
2 1041 730 546 409 21 48 1
2 1041 731 546 409 21 48 1
2 1041 732 546 409 21 48 1
2 1041 733 546 409 21 48 1
2 1041 734 546 409 21 48 1
2 1041 735 546 409 21 48 1
2 1041 736 546 409 21 48 1
2 1041 737 546 409 21 48 1
2 1041 738 546 409 21 48 1
2 1041 739 546 409 21 48 1
2 1041 740 546 409 21 48 1
2 1041 741 546 409 21 48 1
2 1041 742 546 409 21 48 1
2 1041 743 546 409 21 48 1
2 1041 744 546 409 21 48 1
2 1041 745 546 409 21 48 1
2 1041 746 546 409 21 48 1
2 1041 747 546 409 21 48 1
2 1041 748 546 409 21 48 1
2 1041 749 546 409 21 48 1
2 1041 750 546 409 21 48 1
2 1041 751 546 409 21 48 1
2 1041 752 546 409 21 48 1
2 1041 753 546 409 21 48 1
2 1041 754 546 409 21 48 1
2 1041 755 546 409 21 48 1
2 1041 756 546 409 21 48 1
2 1041 757 547 410 21 48 1
2 1041 758 546 410 21 48 1
2 1041 759 546 410 21 48 1
2 1041 760 546 410 21 48 1
2 1041 761 546 410 21 48 1
2 1041 762 546 410 21 48 1
2 1041 763 546 410 21 48 1
2 1041 764 546 410 21 48 1
2 1041 765 546 410 21 48 1
2 1041 766 546 410 21 48 1
2 1041 767 546 410 21 48 1
2 1041 768 545 410 21 48 1
2 1041 769 545 410 21 48 1
2 1041 770 545 410 21 48 1
2 1041 771 545 410 21 48 1
2 1041 772 545 410 21 48 1
2 1041 773 545 410 21 48 1
2 1041 774 545 410 21 48 1
2 1041 775 545 410 21 48 1
2 1041 776 545 410 21 48 1
2 1041 777 545 410 21 48 1
2 1041 778 545 410 21 48 1
2 1041 779 545 410 21 48 1
2 1041 780 545 410 21 48 1
2 1041 781 546 410 21 48 1
2 1041 782 546 410 21 48 1
2 1041 783 546 410 21 48 1
2 1041 784 547 410 21 48 1
2 1041 785 547 411 21 48 1
2 1041 786 547 411 21 48 1
2 1041 787 548 411 21 48 1
2 1041 788 548 411 21 48 1
2 1041 789 548 411 21 48 1
2 1041 790 548 411 21 48 1
2 1041 791 549 411 21 48 1
2 1041 792 549 412 21 48 1
2 1041 793 549 412 21 48 1
2 1041 794 550 412 21 48 1
2 1041 795 550 412 21 48 1
2 1041 796 550 412 21 48 1
2 1041 797 551 412 21 48 1
2 1041 798 551 412 21 48 1
2 1041 799 551 412 21 48 1
2 1041 800 551 413 21 48 1
2 1041 801 552 413 21 48 1
2 1041 802 552 413 21 48 1
2 1041 803 552 413 21 48 1
2 1041 804 553 413 21 48 1
2 1041 805 553 413 21 48 1
2 1041 806 553 413 21 48 1
2 1041 807 554 414 21 48 1
2 1041 808 554 414 21 48 1
2 1041 809 554 414 21 48 1
2 1041 810 554 414 21 48 1
2 1041 811 554 414 21 48 1
2 1041 812 554 414 21 48 1
2 1041 813 554 414 21 48 1
2 1041 814 554 414 21 48 1
2 1041 815 554 414 21 48 1
2 1041 816 554 414 21 48 1
2 1041 817 554 414 21 48 1
2 1041 818 554 414 21 48 1
2 1041 819 554 414 21 48 1
2 1041 820 554 414 21 48 1
2 1041 821 554 414 21 48 1
2 1041 822 554 414 21 48 1
2 1041 823 554 414 21 48 1
2 1041 824 554 414 21 48 1
2 1041 825 554 414 21 48 1
2 1041 826 554 414 21 48 1
2 1041 827 554 414 21 48 1
2 1041 828 554 414 21 48 1
2 1041 829 554 414 21 48 1
2 1041 830 554 414 21 48 1
2 1041 831 554 414 21 48 1
2 1041 832 555 415 21 48 1
2 1041 833 556 415 21 48 1
2 1041 834 557 415 21 48 1
2 1041 835 558 415 21 48 1
2 1041 836 559 415 21 48 1
2 1041 837 561 416 21 48 1
2 1041 838 561 416 21 48 1
2 1041 839 561 416 21 48 1
2 1041 840 561 416 21 48 1
2 1041 841 562 417 21 48 1
2 1041 842 562 417 21 48 1
2 1041 843 562 417 21 48 1
2 1041 844 562 417 21 48 1
2 1041 845 563 418 21 48 1
2 1041 846 563 418 21 48 1
2 1041 847 563 418 21 48 1
2 1041 848 563 418 21 48 1
2 1041 849 564 419 21 48 1
2 1041 850 564 419 21 48 1
2 1041 851 564 419 21 48 1
2 1041 852 564 419 21 48 1
2 1041 853 565 420 21 48 1
2 1041 854 565 420 21 48 1
2 1041 855 565 420 21 48 1
2 1041 856 565 420 21 48 1
2 1041 857 566 421 21 48 1
2 1041 858 566 421 21 48 1
2 1041 859 566 421 21 48 1
2 1041 860 566 421 21 49 1
2 1041 861 566 422 22 48 1
2 1041 862 567 422 21 48 1
2 1041 863 567 422 21 49 1
2 1041 864 567 422 22 49 1
2 1041 865 567 422 22 50 1
2 1041 866 568 423 21 49 1
2 1041 867 568 423 21 49 1
2 1041 868 568 423 22 50 1
2 1041 869 568 423 22 50 1
2 1041 870 569 424 21 50 1
2 1041 871 569 424 22 50 1
2 1041 872 569 424 22 50 1
2 1041 873 569 424 22 51 1
2 1041 874 570 425 22 50 1
2 1041 875 570 425 22 51 1
2 1041 876 570 425 22 51 1
2 1041 877 570 425 22 51 1
2 1041 878 570 426 22 51 1
2 1041 879 570 426 22 51 1
2 1041 880 570 426 22 51 1
2 1041 881 570 426 22 51 1
2 1041 882 570 426 22 51 1
2 1041 883 570 426 22 51 1
2 1041 884 570 426 22 51 1
2 1041 885 570 426 22 51 1
2 1041 886 570 426 22 51 1
2 1041 887 570 426 22 51 1
2 1041 888 569 426 22 51 1
2 1041 889 569 426 22 51 1
2 1041 890 569 426 22 51 1
2 1041 891 569 426 22 51 1
2 1041 892 569 427 22 51 1
2 1041 893 569 427 22 51 1
2 1041 894 569 427 22 51 1
2 1041 895 569 427 22 51 1
2 1041 896 569 427 22 51 1
2 1041 897 569 427 22 51 1
2 1041 898 568 427 22 51 1
2 1041 899 568 427 22 51 1
2 1041 900 568 427 22 51 1
2 1041 901 568 427 22 51 1
2 1041 902 568 427 22 51 1
2 1041 903 568 427 22 51 1
2 1041 904 568 427 22 51 1
2 1041 905 568 427 22 51 1
2 1041 906 568 427 22 51 1
2 1041 907 568 428 22 51 1
2 1041 908 567 428 22 51 1
2 1041 909 567 428 22 51 1
2 1041 910 567 428 22 51 1
2 1041 911 567 428 22 51 1
2 1041 912 567 428 22 51 1
2 1041 913 567 428 22 51 1
2 1041 914 567 428 22 51 1
2 1041 915 567 429 22 51 1
2 1041 916 567 429 22 51 1
2 1041 917 567 429 22 51 1
2 1041 918 567 429 22 51 1
2 1041 919 567 429 22 51 1
2 1041 920 567 429 22 51 1
2 1041 921 567 429 22 51 1
2 1041 922 567 430 22 51 1
2 1041 923 567 430 22 51 1
2 1041 924 566 430 22 51 1
2 1041 925 566 430 22 51 1
2 1041 926 566 430 22 51 1
2 1041 927 566 430 22 51 1
2 1041 928 566 430 22 51 1
2 1041 929 566 431 22 51 1
2 1041 930 566 431 22 51 1
2 1041 931 566 431 22 51 1
2 1041 932 566 431 22 51 1
2 1041 933 566 431 22 51 1
2 1041 934 566 431 22 51 1
2 1041 935 566 431 22 51 1
2 1041 936 566 432 22 51 1
2 1041 937 566 432 22 51 1
2 1041 938 566 432 22 51 1
2 1041 939 566 432 22 51 1
2 1041 940 566 432 22 51 1
2 1041 941 565 432 22 51 1
2 1041 942 565 432 22 51 1
2 1041 943 565 433 22 51 1
2 1041 944 565 433 22 51 1
2 1041 945 565 433 22 51 1
2 1041 946 565 433 22 51 1
2 1041 947 565 433 22 51 1
2 1041 948 565 433 22 51 1
2 1041 949 565 433 22 51 1
2 1041 950 565 434 22 51 1
2 1041 951 565 434 22 51 1
2 1041 952 565 434 22 51 1
2 1041 953 565 434 22 51 1
2 1041 954 565 434 22 51 1
2 1041 955 565 434 22 51 1
2 1041 956 565 434 22 51 1
2 1041 957 565 435 22 51 1
2 1041 958 565 435 22 51 1
2 1041 959 565 435 22 51 1
2 1041 960 565 435 22 51 1
2 1041 961 565 435 22 51 1
2 1041 962 565 436 22 51 1
2 1041 963 565 436 22 51 1
2 1041 964 565 436 22 51 1
2 1041 965 565 436 22 51 1
2 1041 966 565 437 22 51 1
2 1041 967 565 437 22 51 1
2 1041 968 565 437 22 51 1
2 1041 969 565 437 22 51 1
2 1041 970 565 438 22 51 1
2 1041 971 565 438 22 51 1
2 1041 972 565 438 22 51 1
2 1041 973 565 438 22 51 1
2 1041 974 565 438 22 51 1
2 1041 975 565 439 22 51 1
2 1041 976 565 439 22 51 1
2 1041 977 565 439 22 51 1
2 1041 978 565 439 22 51 1
2 1041 979 565 440 22 51 1
2 1041 980 565 440 22 51 1
2 1041 981 565 440 22 51 1
2 1041 982 565 440 22 51 1
2 1041 983 565 441 22 51 1
2 1041 984 565 441 22 51 1
2 1041 985 565 441 22 51 1
2 1041 986 565 441 22 51 1
2 1041 987 565 442 22 51 1
2 1041 988 564 442 22 51 1
2 1041 989 564 442 22 51 1
2 1041 990 564 442 22 51 1
2 1041 991 564 442 22 51 1
2 1041 992 564 443 22 51 1
2 1041 993 564 443 22 51 1
2 1041 994 564 443 22 51 1
2 1041 995 564 443 22 51 1
2 1041 996 564 443 22 51 1
2 1041 997 564 444 22 51 1
2 1041 998 564 444 22 51 1
2 1041 999 564 444 22 51 1
2 1041 1000 564 444 22 51 1
2 1041 1001 564 444 22 51 1
2 1041 1002 564 445 22 51 1
2 1041 1003 564 445 22 51 1
2 1041 1004 564 445 22 51 1
2 1041 1005 564 445 22 51 1
2 1041 1006 564 445 22 51 1
2 1041 1007 564 446 22 51 1
2 1041 1008 564 446 22 51 1
2 1041 1009 564 446 22 51 1
2 1041 1010 564 446 22 51 1
2 1041 1011 564 446 22 51 1
2 1041 1012 564 447 22 51 1
2 1041 1013 564 447 22 51 1
2 1041 1014 564 447 22 51 1
2 1041 1015 564 447 22 51 1
2 1041 1016 564 447 22 51 1
2 1041 1017 564 448 22 51 1
2 1041 1018 563 448 22 51 1
2 1041 1019 563 448 22 51 1
2 1041 1020 562 449 22 51 1
2 1041 1021 562 449 22 51 1
2 1041 1022 562 450 22 51 1
2 1041 1023 561 450 22 51 1
2 1041 1024 561 450 22 51 1
2 1041 1025 561 451 22 51 1
2 1041 1026 560 451 22 51 1
2 1041 1027 560 452 22 51 1
2 1041 1028 560 452 22 51 1
2 1041 1029 559 452 22 51 1
2 1041 1030 559 453 22 51 1
2 1041 1031 559 453 22 51 1
2 1041 1032 558 454 22 51 1
2 1041 1033 558 454 22 51 1
2 1041 1034 558 454 22 51 1
2 1041 1035 557 455 22 51 1
2 1041 1036 557 455 22 51 1
2 1041 1037 557 456 22 51 1
2 1041 1038 556 456 22 51 1
2 1041 1039 556 456 22 51 1
2 1041 1040 556 456 22 51 1
2 1041 1041 555 456 22 51 1
2 1041 1042 555 456 22 51 1
2 1041 1043 555 456 22 51 1
2 1041 1044 554 456 22 51 1
2 1041 1045 554 456 22 51 1
2 1041 1046 554 456 22 51 1
2 1041 1047 554 457 22 51 1
2 1041 1048 553 457 22 51 1
2 1041 1049 553 457 22 51 1
2 1041 1050 553 457 22 51 1
2 1041 1051 552 457 22 51 1
2 1041 1052 552 457 22 51 1
2 1041 1053 552 457 22 51 1
2 1041 1054 551 457 22 51 1
2 1041 1055 551 457 22 51 1
2 1041 1056 551 457 22 51 1
2 1041 1057 551 458 22 51 1
2 1041 1058 550 458 22 51 1
2 1041 1059 550 458 22 51 1
2 1041 1060 549 458 22 52 1
2 1041 1061 549 458 22 52 1
2 1041 1062 548 459 23 51 1
2 1041 1063 548 459 22 52 1
2 1041 1064 547 459 23 52 1
2 1041 1065 547 459 23 53 1
2 1041 1066 547 459 22 53 1
2 1041 1067 546 460 23 52 1
2 1041 1068 546 460 23 53 1
2 1041 1069 545 460 23 53 1
2 1041 1070 545 460 23 54 1
2 1041 1071 544 460 24 54 1
2 1041 1072 544 461 23 53 1
2 1041 1073 544 461 23 54 1
2 1041 1074 543 461 24 54 1
2 1041 1075 543 461 23 55 1
2 1041 1076 542 461 24 55 1
2 1041 1077 542 461 24 55 1
2 1041 1078 541 462 24 55 1
2 1041 1079 541 462 24 55 1
2 1041 1080 541 462 24 56 1
2 1041 1081 540 462 24 56 1
2 1041 1082 540 462 24 56 1
2 1041 1083 539 463 25 56 1
2 1041 1084 539 463 24 56 1
2 1041 1085 538 463 25 57 1
2 1041 1086 538 463 25 57 1
2 1041 1087 537 463 25 57 1
2 1041 1088 537 464 25 57 1
2 1041 1089 537 464 25 57 1
2 1041 1090 536 464 25 57 1
2 1041 1091 536 464 25 57 1
2 1041 1092 535 464 25 57 1
2 1041 1093 535 464 25 57 1
2 1041 1094 534 464 25 57 1
2 1041 1095 534 465 25 57 1
2 1041 1096 533 465 25 57 1
2 1041 1097 533 465 25 57 1
2 1041 1098 532 465 25 57 1
2 1041 1099 532 465 25 57 1
2 1041 1100 531 465 25 57 1
2 1041 1101 531 465 25 57 1
2 1041 1102 530 466 25 57 1
2 1041 1103 530 466 25 57 1
2 1041 1104 529 466 25 57 1
2 1041 1105 529 466 25 57 1
2 1041 1106 528 466 25 57 1
2 1041 1107 528 466 25 57 1
2 1041 1108 527 466 25 57 1
2 1041 1109 527 466 25 57 1
2 1041 1110 526 467 25 57 1
2 1041 1111 526 467 25 57 1
2 1041 1112 525 467 25 57 1
2 1041 1113 525 467 25 57 1
2 1041 1114 524 467 25 57 1
2 1041 1115 524 467 25 57 1
2 1041 1116 523 467 25 57 1
2 1041 1117 523 468 25 57 1
2 1041 1118 522 468 25 57 1
2 1041 1119 521 468 25 57 1
2 1041 1120 521 468 25 57 1
2 1041 1121 520 469 25 57 1
2 1041 1122 519 469 25 57 1
2 1041 1123 519 469 25 57 1
2 1041 1124 518 469 25 57 1
2 1041 1125 517 470 25 57 1
2 1041 1126 517 470 25 57 1
2 1041 1127 516 470 25 57 1
2 1041 1128 515 470 25 57 1
2 1041 1129 515 471 25 57 1
2 1041 1130 514 471 25 57 1
2 1041 1131 513 471 25 57 1
2 1041 1132 513 471 25 57 1
2 1041 1133 512 472 25 57 1
2 1041 1134 511 472 25 57 1
2 1041 1135 511 472 25 57 1
2 1041 1136 510 472 25 57 1
2 1041 1137 510 473 25 57 1
2 1041 1138 509 473 25 57 1
2 1041 1139 509 473 25 57 1
2 1041 1140 508 473 25 58 1
2 1041 1141 508 474 25 57 1
2 1041 1142 507 474 25 57 1
2 1041 1143 507 474 25 58 1
2 1041 1144 506 475 25 57 1
2 1041 1145 506 475 25 57 1
2 1041 1146 505 475 25 58 1
2 1041 1147 505 475 25 58 1
2 1041 1148 505 476 25 57 1
2 1041 1149 504 476 25 58 1
2 1041 1150 504 476 25 58 1
2 1041 1151 503 477 25 57 1
2 1041 1152 503 477 25 58 1
2 1041 1153 502 477 25 58 1
2 1041 1154 502 478 25 57 1
2 1041 1155 501 478 25 58 1
2 1041 1156 501 478 25 58 1
2 1041 1157 500 478 25 58 1
2 1041 1158 500 479 25 58 1
2 1041 1159 499 479 25 58 1
2 1041 1160 499 479 25 58 1
2 1041 1161 498 480 25 58 1
2 1041 1162 498 480 25 58 1
2 1041 1163 497 480 25 58 1
2 1041 1164 496 480 25 58 1
2 1041 1165 496 481 25 58 1
2 1041 1166 495 481 25 58 1
2 1041 1167 495 481 25 58 1
2 1041 1168 494 481 25 58 1
2 1041 1169 493 482 25 58 1
2 1041 1170 493 482 25 58 1
2 1041 1171 492 482 25 58 1
2 1041 1172 492 482 25 58 1
2 1041 1173 491 483 25 58 1
2 1041 1174 490 483 25 58 1
2 1041 1175 490 483 25 58 1
2 1041 1176 489 483 25 58 1
2 1041 1177 489 484 25 58 1
2 1041 1178 487 484 25 58 1
2 1041 1179 485 484 25 58 1
2 1041 1180 483 484 25 58 1
2 1041 1181 481 485 25 58 1
2 1041 1182 479 485 25 58 1
2 1041 1183 477 485 25 58 1
2 1041 1184 475 486 25 58 1
2 1041 1185 473 486 25 58 1
2 1041 1186 471 486 25 58 1
2 1041 1187 469 487 25 58 1
2 1041 1188 467 487 25 58 1
2 1041 1189 466 487 25 58 1
2 1041 1190 464 487 25 59 1
2 1041 1191 463 487 25 59 1
2 1041 1192 461 488 25 58 1
2 1041 1193 460 488 25 59 1
2 1041 1194 458 488 25 59 1
2 1041 1195 457 488 25 59 1
2 1041 1196 455 489 25 59 1
2 1041 1197 454 489 25 59 1
2 1041 1198 453 489 25 59 1
2 1041 1199 451 489 25 60 1
2 1041 1200 450 490 25 59 1
2 1041 1201 448 490 25 59 1
2 1041 1202 447 490 25 60 1
2 1041 1203 445 490 25 60 1
2 1041 1204 444 491 25 59 1
2 1041 1205 442 491 25 60 1
2 1041 1206 441 491 25 60 1
2 1041 1207 439 491 25 60 1
2 1041 1208 438 492 25 60 1
2 1041 1209 437 492 25 60 1
2 1041 1210 436 493 25 60 1
2 1041 1211 435 493 25 60 1
2 1041 1212 434 493 25 60 1
2 1041 1213 433 494 25 60 1
2 1041 1214 431 494 25 60 1
2 1041 1215 430 494 25 60 1
2 1041 1216 429 495 25 60 1
2 1041 1217 428 495 25 60 1
2 1041 1218 427 495 25 60 1
2 1041 1219 426 496 25 60 1
2 1041 1220 425 496 25 60 1
2 1041 1221 423 496 25 60 1
2 1041 1222 422 497 25 60 1
2 1041 1223 421 497 25 60 1
2 1041 1224 420 497 25 60 1
2 1041 1225 419 498 25 60 1
2 1041 1226 418 498 25 60 1
2 1041 1227 417 499 25 60 1
2 1041 1228 416 499 25 60 1
2 1041 1229 415 499 25 60 1
2 1041 1230 415 499 25 60 1
2 1041 1231 414 500 25 60 1
2 1041 1232 413 500 25 60 1
2 1041 1233 413 500 25 60 1
2 1041 1234 412 500 25 60 1
2 1041 1235 411 501 25 60 1
2 1041 1236 411 501 25 60 1
2 1041 1237 410 501 25 60 1
2 1041 1238 409 501 25 60 1
2 1041 1239 409 502 25 60 1
2 1041 1240 408 502 25 60 1
2 1041 1241 407 502 25 60 1
2 1041 1242 407 502 25 60 1
2 1041 1243 406 503 25 60 1
2 1041 1244 405 503 25 60 1
2 1041 1245 405 503 25 60 1
2 1041 1246 404 503 25 60 1
2 1041 1247 404 504 25 60 1
2 1041 1248 403 504 25 60 1
2 1041 1249 402 504 25 60 1
2 1041 1250 401 504 25 60 1
2 1041 1251 400 504 25 60 1
2 1041 1252 400 504 25 60 1
2 1041 1253 399 504 25 60 1
2 1041 1254 398 504 25 61 1
2 1041 1255 397 504 25 61 1
2 1041 1256 397 504 25 61 1
2 1041 1257 396 504 25 61 1
2 1041 1258 395 504 25 61 1
2 1041 1259 394 504 25 61 1
2 1041 1260 394 504 25 61 1
2 1041 1261 393 504 25 62 1
2 1041 1262 392 504 25 62 1
2 1041 1263 391 504 25 62 1
2 1041 1264 391 504 25 62 1
2 1041 1265 390 504 25 62 1
2 1041 1266 389 504 25 62 1
2 1041 1267 388 504 25 62 1
2 1041 1268 388 505 25 62 1
2 1041 1269 387 505 25 62 1
2 1041 1270 386 505 25 62 1
2 1041 1271 386 506 25 62 1
2 1041 1272 385 506 25 62 1
2 1041 1273 384 506 25 62 1
2 1041 1274 383 507 25 62 1
2 1041 1275 383 507 25 62 1
2 1041 1276 382 507 25 62 1
2 1041 1277 381 508 25 62 1
2 1041 1278 380 508 25 62 1
2 1041 1279 380 508 25 62 1
2 1041 1280 379 508 25 62 1
2 1041 1281 378 509 25 62 1
2 1041 1282 377 509 25 62 1
2 1041 1283 377 509 25 62 1
2 1041 1284 376 510 25 62 1
2 1041 1285 375 510 25 62 1
2 1041 1286 374 510 25 62 1
2 1041 1287 374 511 25 62 1
2 1041 1288 373 511 25 62 1
2 1041 1289 372 511 25 62 1
2 1041 1290 372 512 25 62 1
2 1041 1291 371 512 25 62 1
2 1041 1292 371 512 25 63 1
2 1041 1293 370 513 25 62 1
2 1041 1294 370 513 25 63 1
2 1041 1295 369 514 25 62 1
2 1041 1296 369 514 25 63 1
2 1041 1297 368 514 25 63 1
2 1041 1298 367 515 25 63 1
2 1041 1299 367 515 25 63 1
2 1041 1300 366 516 25 63 1
2 1041 1301 366 516 25 63 1
2 1041 1302 365 516 25 64 1
2 1041 1303 365 517 25 63 1
2 1041 1304 364 517 25 64 1
2 1041 1305 364 518 25 63 1
2 1041 1306 363 518 25 64 1
2 1041 1307 362 518 25 64 1
2 1041 1308 362 519 25 64 1
2 1041 1309 362 519 25 64 1
2 1041 1310 361 520 25 64 1
2 1041 1311 361 520 25 64 1
2 1041 1312 361 521 25 64 1
2 1041 1313 360 521 25 64 1
2 1041 1314 360 521 25 64 1
2 1041 1315 359 522 25 64 1
2 1041 1316 359 522 25 64 1
2 1041 1317 359 523 25 64 1
2 1041 1318 358 523 25 64 1
2 1041 1319 358 523 25 64 1
2 1041 1320 357 524 25 64 1
2 1041 1321 357 524 25 64 1
2 1041 1322 357 525 25 64 1
2 1041 1323 356 525 25 64 1
2 1041 1324 356 525 25 64 1
2 1041 1325 355 526 25 64 1
2 1041 1326 355 526 25 64 1
2 1041 1327 355 527 25 64 1
2 1041 1328 354 527 25 64 1
2 1041 1329 354 527 25 64 1
2 1041 1330 353 527 25 65 1
2 1041 1331 353 528 25 64 1
2 1041 1332 353 528 25 65 1
2 1041 1333 352 528 25 65 1
2 1041 1334 352 529 25 65 1
2 1041 1335 352 529 25 65 1
2 1041 1336 351 529 25 66 1
2 1041 1337 351 529 25 66 1
2 1041 1338 351 530 25 65 1
2 1041 1339 350 530 25 66 1
2 1041 1340 350 530 25 66 1
2 1041 1341 350 531 25 66 1
2 1041 1342 349 531 25 66 1
2 1041 1343 349 531 25 67 1
2 1041 1344 349 532 25 66 1
2 1041 1345 348 532 25 67 1
2 1041 1346 348 532 25 67 1
2 1041 1347 347 532 25 67 1
2 1041 1348 347 533 25 67 1
2 1041 1349 347 534 25 67 1
2 1041 1350 346 534 25 67 1
2 1041 1351 346 535 25 67 1
2 1041 1352 346 535 25 67 1
2 1041 1353 345 536 25 67 1
2 1041 1354 345 536 25 67 1
2 1041 1355 345 537 25 67 1
2 1041 1356 344 537 25 67 1
2 1041 1357 344 538 25 67 1
2 1041 1358 344 539 25 67 1
2 1041 1359 343 539 25 67 1
2 1041 1360 343 540 25 67 1
2 1041 1361 343 540 25 67 1
2 1041 1362 342 541 25 67 1
2 1041 1363 342 541 25 67 1
2 1041 1364 342 542 25 67 1
2 1041 1365 341 542 25 67 1
2 1041 1366 341 543 25 67 1
2 1041 1367 341 544 25 67 1
2 1041 1368 341 544 25 67 1
2 1041 1369 341 545 25 67 1
2 1041 1370 341 545 25 67 1
2 1041 1371 341 546 25 67 1
2 1041 1372 341 546 25 67 1
2 1041 1373 341 547 25 67 1
2 1041 1374 341 547 25 67 1
2 1041 1375 342 548 25 67 1
2 1041 1376 342 548 25 67 1
2 1041 1377 342 549 25 67 1
2 1041 1378 342 549 25 67 1
2 1041 1379 342 550 25 67 1
2 1041 1380 342 550 25 67 1
2 1041 1381 342 551 25 67 1
2 1041 1382 343 551 25 67 1
2 1041 1383 343 552 25 67 1
2 1041 1384 343 552 25 67 1
2 1041 1385 343 553 25 67 1
2 1041 1386 343 553 25 67 1
2 1041 1387 343 554 25 67 1
2 1041 1388 343 554 25 67 1
2 1041 1389 343 555 25 67 1
2 1041 1390 344 555 25 67 1
2 1041 1391 344 556 25 67 1
2 1041 1392 344 556 25 67 1
2 1041 1393 344 557 25 67 1
2 1041 1394 344 557 25 67 1
2 1041 1395 344 558 25 67 1
2 1041 1396 344 558 25 67 1
2 1041 1397 345 559 25 67 1
2 1041 1398 345 559 25 67 1
2 1041 1399 345 560 25 67 1
2 1041 1400 346 560 25 67 1
2 1041 1401 346 561 25 67 1
2 1041 1402 347 561 25 67 1
2 1041 1403 347 562 25 67 1
2 1041 1404 347 562 25 67 1
2 1041 1405 348 563 25 67 1
2 1041 1406 348 563 25 67 1
2 1041 1407 349 564 25 67 1
2 1041 1408 349 564 25 67 1
2 1041 1409 349 565 25 67 1
2 1041 1410 350 565 25 67 1
2 1041 1411 350 566 25 67 1
2 1041 1412 351 566 25 67 1
2 1041 1413 351 567 25 67 1
2 1041 1414 351 567 25 67 1
2 1041 1415 352 568 25 67 1
2 1041 1416 352 568 25 67 1
2 1041 1417 353 569 25 67 1
2 1041 1418 353 569 25 67 1
2 1041 1419 354 569 25 67 1
2 1041 1420 355 570 25 67 1
2 1041 1421 356 570 25 67 1
2 1041 1422 356 571 25 67 1
2 1041 1423 357 571 25 67 1
2 1041 1424 358 572 25 67 1
2 1041 1425 359 572 25 67 1
2 1041 1426 359 573 25 67 1
2 1041 1427 360 573 25 67 1
2 1041 1428 361 573 25 67 1
2 1041 1429 362 574 25 67 1
2 1041 1430 362 574 25 67 1
2 1041 1431 363 575 25 67 1
2 1041 1432 364 575 25 67 1
2 1041 1433 365 576 25 67 1
2 1041 1434 365 576 25 67 1
2 1041 1435 366 577 25 67 1
2 1041 1436 367 577 25 67 1
2 1041 1437 368 578 25 67 1
2 1041 1438 369 579 25 67 1
2 1041 1439 369 579 26 68 1
2 1041 1440 370 580 26 67 1
2 1041 1441 371 580 26 68 1
2 1041 1442 371 581 27 68 1
2 1041 1443 372 581 27 69 1
2 1041 1444 373 582 27 69 1
2 1041 1445 374 582 27 69 1
2 1041 1446 374 583 28 69 1
2 1041 1447 375 583 27 70 1
2 1041 1448 376 583 27 71 1
2 1041 1449 377 584 28 70 1
2 1041 1450 377 585 29 70 1
2 1041 1451 378 585 29 71 1
2 1041 1452 379 586 29 71 1
2 1041 1453 380 586 29 72 1
2 1041 1454 380 587 30 72 1
2 1041 1455 381 587 30 73 1
2 1041 1456 382 588 30 72 1
2 1041 1457 383 588 30 73 1
2 1041 1458 383 589 30 73 1
2 1041 1459 383 589 30 74 1
2 1041 1460 383 590 30 73 1
2 1041 1461 383 590 30 74 1
2 1041 1462 383 591 30 73 1
2 1041 1463 383 591 30 74 1
2 1041 1464 383 592 30 74 1
2 1041 1465 383 592 30 74 1
2 1041 1466 383 593 30 74 1
2 1041 1467 383 593 30 74 1
2 1041 1468 383 594 30 74 1
2 1041 1469 383 594 30 75 1
2 1041 1470 383 595 30 74 1
2 1041 1471 383 595 30 75 1
2 1041 1472 383 596 30 74 1
2 1041 1473 383 596 30 75 1
2 1041 1474 383 597 30 75 1
2 1041 1475 383 597 30 75 1
2 1041 1476 383 598 30 75 1
2 1041 1477 383 598 30 75 1
2 1041 1478 383 599 30 75 1
2 1041 1479 383 599 30 76 1
2 1041 1480 383 600 30 75 1
2 1041 1481 383 600 30 76 1
2 1041 1482 383 601 30 75 1
2 1041 1483 383 601 30 76 1
2 1041 1484 383 602 30 76 1
2 1041 1485 383 602 30 76 1
2 1041 1486 383 603 30 76 1
2 1041 1487 383 603 30 76 1
2 1041 1488 383 604 30 76 1
2 1041 1489 383 605 30 76 1
2 1041 1490 383 606 30 76 1
2 1041 1491 383 606 30 76 1
2 1041 1492 383 607 30 76 1
2 1041 1493 383 608 30 76 1
2 1041 1494 382 608 30 76 1
2 1041 1495 382 609 30 76 1
2 1041 1496 382 610 30 76 1
2 1041 1497 382 610 30 76 1
2 1041 1498 382 611 30 76 1
2 1041 1499 382 612 30 76 1
2 1041 1500 381 612 30 76 1
2 1041 1501 381 613 30 76 1
2 1041 1502 381 614 30 76 1
2 1041 1503 381 614 30 76 1
2 1041 1504 381 615 30 76 1
2 1041 1505 381 616 30 76 1
2 1041 1506 380 616 30 76 1
2 1041 1507 380 617 30 76 1
2 1041 1508 380 618 30 76 1
2 1041 1509 380 618 30 76 1
2 1041 1510 380 619 30 76 1
2 1041 1511 380 620 30 76 1
2 1041 1512 379 620 30 76 1
2 1041 1513 379 621 30 76 1
2 1041 1514 379 622 30 76 1
2 1041 1515 379 622 30 76 1
2 1041 1516 379 623 30 76 1
2 1041 1517 379 624 30 76 1
2 1041 1518 379 624 30 76 1
2 1041 1519 379 625 30 76 1
2 1041 1520 379 625 30 76 1
2 1041 1521 379 626 30 76 1
2 1041 1522 379 627 30 76 1
2 1041 1523 379 627 30 76 1
2 1041 1524 379 628 30 76 1
2 1041 1525 379 628 30 76 1
2 1041 1526 379 629 30 76 1
2 1041 1527 379 630 30 76 1
2 1041 1528 379 630 30 76 1
2 1041 1529 379 631 30 76 1
2 1041 1530 379 632 30 76 1
2 1041 1531 379 632 30 76 1
2 1041 1532 379 633 30 76 1
2 1041 1533 379 633 30 76 1
2 1041 1534 379 634 30 76 1
2 1041 1535 379 635 30 76 1
2 1041 1536 379 635 30 76 1
2 1041 1537 379 636 30 76 1
2 1041 1538 379 637 30 76 1
2 1041 1539 379 637 30 76 1
2 1041 1540 379 638 30 76 1
2 1041 1541 380 639 30 76 1
2 1041 1542 380 639 30 76 1
2 1041 1543 381 640 30 76 1
2 1041 1544 381 641 30 76 1
2 1041 1545 382 641 30 76 1
2 1041 1546 382 642 30 76 1
2 1041 1547 383 643 30 76 1
2 1041 1548 383 643 30 76 1
2 1041 1549 383 644 30 75 1
2 1041 1550 384 645 30 74 1
2 1041 1551 384 645 30 74 1
2 1041 1552 385 646 30 73 1
2 1041 1553 385 647 30 72 1
2 1041 1554 386 647 30 72 1
2 1041 1555 386 648 30 71 1
2 1041 1556 387 649 30 70 1
2 1041 1557 387 649 30 70 1
2 1041 1558 387 650 30 69 1
2 1041 1559 388 651 30 68 1
2 1041 1560 388 651 30 68 1
2 1041 1561 389 652 30 67 1
2 1041 1562 389 653 30 66 1
2 1041 1563 390 653 30 66 1
2 1041 1564 390 654 30 65 1
2 1041 1565 391 655 30 64 1
2 1041 1566 391 655 30 64 1
2 1041 1567 392 656 30 63 1
2 1041 1568 392 657 30 62 1
2 1041 1569 393 657 30 62 1
2 1041 1570 393 658 30 61 1
2 1041 1571 394 659 30 60 1
2 1041 1572 394 659 30 60 1
2 1041 1573 395 660 30 59 1
2 1041 1574 395 661 30 58 1
2 1041 1575 396 662 30 57 1
2 1041 1576 396 662 30 57 1
2 1041 1577 397 663 30 56 1
2 1041 1578 397 664 30 55 1
2 1041 1579 398 664 30 55 1
2 1041 1580 398 665 30 54 1
2 1041 1581 399 666 30 53 1
2 1041 1582 399 666 30 53 1
2 1041 1583 400 667 30 52 1
2 1041 1584 400 668 30 51 1
2 1041 1585 401 669 30 50 1
2 1041 1586 401 669 30 50 1
2 1041 1587 402 670 30 49 1
2 1041 1588 402 671 30 48 1
2 1041 1589 403 671 30 48 1
2 1041 1590 403 672 30 47 1
2 1041 1591 404 673 30 46 1
2 1041 1592 405 674 30 45 1
2 1041 1593 405 674 30 45 1
2 1041 1594 406 675 30 44 1
2 1041 1595 407 676 30 43 1
2 1041 1596 408 677 30 42 1
2 1041 1597 408 678 30 41 1
2 1041 1598 409 679 30 40 1
2 1041 1599 410 680 30 39 1
2 1041 1600 411 681 30 38 1
2 1041 1601 412 682 30 37 1
2 1041 1602 412 682 30 37 1
2 1041 1603 413 683 30 36 1
2 1041 1604 414 684 30 35 1
2 1041 1605 415 685 30 34 1
2 1041 1606 415 686 30 33 1
2 1041 1607 416 687 30 32 1
2 1041 1608 417 688 30 31 1
2 1041 1609 418 689 30 30 1
2 1041 1610 419 690 30 29 1
2 1041 1611 419 690 30 29 1
2 1041 1612 420 691 30 28 1
2 1041 1613 421 692 30 27 1
2 1041 1614 422 693 30 26 1
2 1041 1615 423 693 30 26 1
2 1041 1616 424 694 30 25 1
2 1041 1617 425 695 30 24 1
2 1041 1618 426 696 30 23 1
2 1041 1619 427 697 30 22 1
2 1041 1620 428 697 30 22 1
2 1041 1621 429 698 30 21 1
2 1041 1622 430 699 30 20 1
2 1041 1623 431 700 30 19 1
2 1041 1624 431 700 30 19 1
2 1041 1625 432 701 30 18 1
2 1041 1626 433 702 30 17 1
2 1041 1627 434 703 30 16 1
2 1041 1628 435 704 30 15 1
2 1041 1629 436 704 30 15 1
2 1041 1630 437 705 30 14 1
2 1041 1631 438 706 30 13 1
2 1041 1632 439 707 30 12 1
2 1041 1633 440 707 30 12 1
2 1041 1634 441 708 30 11 1
2 1041 1635 442 709 30 10 1
2 1041 1636 443 710 30 9 1
2 1041 1637 444 711 30 8 1
