1920 1080 29.97002997002997
1 1719 49 1362 802 201 205 2
1 1719 50 1358 795 200 203 2
1 1719 51 1354 788 199 202 2
1 1719 52 1350 781 198 201 2
1 1719 53 1346 774 197 199 2
1 1719 54 1343 767 196 198 2
1 1719 55 1339 760 195 197 2
1 1719 56 1335 753 194 196 2
1 1719 57 1331 747 193 194 2
1 1719 58 1328 740 192 193 2
1 1719 59 1324 734 191 192 2
1 1719 60 1320 728 191 190 2
1 1719 61 1317 721 189 190 2
1 1719 62 1313 715 189 188 2
1 1719 63 1310 709 187 187 2
1 1719 64 1307 703 186 185 2
1 1719 65 1303 697 186 184 2
1 1719 66 1300 691 184 183 2
1 1719 67 1297 685 183 182 2
1 1719 68 1293 679 183 181 2
1 1719 69 1290 674 182 179 2
1 1719 70 1287 668 181 178 2
1 1719 71 1284 662 180 178 2
1 1719 72 1281 657 179 176 2
1 1719 73 1278 651 178 175 2
1 1719 74 1275 646 177 174 2
1 1719 75 1272 641 176 172 2
1 1719 76 1269 635 176 172 2
1 1719 77 1266 630 175 171 2
1 1719 78 1263 625 174 169 2
1 1719 79 1260 620 173 168 2
1 1719 80 1257 615 173 167 2
1 1719 81 1254 610 172 166 2
1 1719 82 1252 605 170 165 2
1 1719 83 1249 600 170 164 2
1 1719 84 1246 595 169 163 2
1 1719 85 1244 591 168 161 2
1 1719 86 1241 586 167 160 2
1 1719 87 1238 581 167 159 2
1 1719 88 1236 577 166 158 2
1 1719 89 1233 572 165 157 2
1 1719 90 1231 567 164 157 2
1 1719 91 1228 563 164 155 2
1 1719 92 1226 559 163 154 2
1 1719 93 1223 554 163 154 2
1 1719 94 1221 550 162 153 2
1 1719 95 1219 546 161 153 2
1 1719 96 1217 542 160 152 2
1 1719 97 1215 538 159 151 2
1 1719 98 1213 534 158 151 2
1 1719 99 1210 530 158 150 2
1 1719 100 1208 526 157 149 2
1 1719 101 1206 522 156 149 2
1 1719 102 1204 518 155 148 2
1 1719 103 1202 514 154 147 2
1 1719 104 1200 509 154 148 2
1 1719 105 1198 505 153 147 2
1 1719 106 1195 501 153 147 2
1 1719 107 1193 497 152 146 2
1 1719 108 1191 493 151 145 2
1 1719 109 1189 489 150 145 2
1 1719 110 1187 485 149 144 2
1 1719 111 1185 481 148 143 2
1 1719 112 1182 477 148 143 2
1 1719 113 1180 473 147 142 2
1 1719 114 1178 468 147 143 2
1 1719 115 1176 464 146 142 2
1 1719 116 1174 460 145 141 2
1 1719 117 1172 456 144 141 2
1 1719 118 1169 452 144 140 2
1 1719 119 1167 448 143 140 2
1 1719 120 1165 444 142 139 2
1 1719 121 1163 440 141 138 2
1 1719 122 1161 436 140 138 2
1 1719 123 1159 431 139 138 2
1 1719 124 1156 427 140 137 2
1 1719 125 1154 423 139 137 2
1 1719 126 1152 419 138 136 2
1 1719 127 1150 415 137 136 2
1 1719 128 1148 411 136 135 2
1 1719 129 1145 407 136 134 2
1 1719 130 1143 403 135 134 2
1 1719 131 1141 399 134 133 2
1 1719 132 1139 394 134 134 2
1 1719 133 1137 390 133 133 2
1 1719 134 1134 386 133 132 2
1 1719 135 1132 382 132 132 2
1 1719 136 1130 378 131 131 2
1 1719 137 1128 374 130 131 2
1 1719 138 1126 370 129 130 2
1 1719 139 1124 366 129 130 2
1 1719 140 1121 363 130 129 2
1 1719 141 1119 360 130 129 2
1 1719 142 1117 358 130 128 2
1 1719 143 1115 355 130 127 2
1 1719 144 1113 352 130 127 2
1 1719 145 1111 350 130 126 2
1 1719 146 1108 347 131 125 2
1 1719 147 1106 345 131 124 2
1 1719 148 1104 342 131 124 2
1 1719 149 1102 339 131 124 2
1 1719 150 1100 337 131 122 2
1 1719 151 1098 334 131 122 2
1 1719 152 1095 331 132 122 2
1 1719 153 1093 329 132 120 2
1 1719 154 1091 326 132 120 2
1 1719 155 1089 324 132 119 2
1 1719 156 1087 321 132 119 2
1 1719 157 1084 318 133 118 2
1 1719 158 1082 316 133 117 2
1 1719 159 1080 313 133 117 2
1 1719 160 1078 310 133 116 2
1 1719 161 1076 308 133 115 2
1 1719 162 1074 305 133 115 2
1 1719 163 1071 302 134 115 2
1 1719 164 1069 300 134 113 2
1 1719 165 1067 297 134 113 2
1 1719 166 1065 295 134 112 2
1 1719 167 1063 292 134 111 2
1 1719 168 1061 289 134 111 2
1 1719 169 1058 287 135 110 2
1 1719 170 1056 284 135 110 2
1 1719 171 1054 281 135 109 2
1 1719 172 1052 279 135 108 2
1 1719 173 1050 276 135 108 2
1 1719 174 1048 274 136 107 2
1 1719 175 1045 272 136 107 2
1 1719 176 1042 270 137 107 2
1 1719 177 1040 268 137 107 2
1 1719 178 1037 266 137 107 2
1 1719 179 1034 264 138 107 2
1 1719 180 1032 262 138 107 2
1 1719 181 1029 261 139 107 2
1 1719 182 1026 259 139 107 2
1 1719 183 1024 257 139 107 2
1 1719 184 1021 255 140 107 2
1 1719 185 1018 253 141 107 2
1 1719 186 1016 251 140 107 2
1 1719 187 1013 249 141 107 2
1 1719 188 1010 248 142 107 2
1 1719 189 1008 246 142 107 2
1 1719 190 1005 244 142 107 2
1 1719 191 1002 242 143 107 2
1 1719 192 1000 240 143 107 2
1 1719 193 997 238 144 107 2
1 1719 194 994 236 144 107 2
1 1719 195 992 235 144 107 2
1 1719 196 989 233 145 107 2
1 1719 197 986 231 146 107 2
1 1719 198 984 229 145 107 2
1 1719 199 981 227 146 107 2
1 1719 200 978 225 147 107 2
1 1719 201 976 223 147 107 2
1 1719 202 973 222 147 107 2
1 1719 203 970 220 148 107 2
1 1719 204 968 218 148 107 2
1 1719 205 965 216 149 107 2
1 1719 206 962 214 149 107 2
1 1719 207 960 212 149 107 2
1 1719 208 957 210 150 107 2
1 1719 209 954 209 151 107 2
1 1719 210 952 207 150 107 2
1 1719 211 949 205 151 107 2
1 1719 212 946 203 152 107 2
1 1719 213 944 201 152 107 2
1 1719 214 941 199 152 107 2
1 1719 215 938 197 153 107 2
1 1719 216 936 196 153 107 2
1 1719 217 933 194 154 107 2
1 1719 218 930 192 154 107 2
1 1719 219 928 190 154 107 2
1 1719 220 925 188 155 107 2
1 1719 221 922 186 156 107 2
1 1719 222 920 185 156 107 2
1 1719 223 917 184 156 107 2
1 1719 224 914 183 156 107 2
1 1719 225 911 183 157 106 2
1 1719 226 909 182 156 106 2
1 1719 227 906 182 157 105 2
1 1719 228 903 181 157 105 2
1 1719 229 900 181 157 104 2
1 1719 230 898 180 157 104 2
1 1719 231 895 179 157 104 2
1 1719 232 892 179 158 103 2
1 1719 233 889 178 158 103 2
1 1719 234 887 178 157 102 2
1 1719 235 884 177 158 102 2
1 1719 236 881 177 158 101 2
1 1719 237 879 176 158 101 2
1 1719 238 876 176 158 100 2
1 1719 239 873 175 158 100 2
1 1719 240 870 174 159 101 2
1 1719 241 868 174 158 100 2
1 1719 242 865 173 159 100 2
1 1719 243 862 173 159 99 2
1 1719 244 859 172 160 99 2
1 1719 245 857 172 159 98 2
1 1719 246 854 171 159 98 2
1 1719 247 851 171 160 97 2
1 1719 248 848 170 160 97 2
1 1719 249 846 169 160 97 2
1 1719 250 843 169 160 96 2
1 1719 251 840 168 160 96 2
1 1719 252 837 168 161 95 2
1 1719 253 835 167 160 95 2
1 1719 254 832 167 161 94 2
1 1719 255 829 166 161 94 2
1 1719 256 827 166 161 94 2
1 1719 257 823 165 162 94 2
1 1719 258 820 165 162 93 2
1 1719 259 817 164 162 93 2
1 1719 260 814 164 162 93 2
1 1719 261 811 164 162 92 2
1 1719 262 808 163 163 92 2
1 1719 263 805 163 163 92 2
1 1719 264 802 162 163 92 2
1 1719 265 799 162 163 91 2
1 1719 266 796 162 163 91 2
1 1719 267 793 161 163 91 2
1 1719 268 789 161 165 90 2
1 1719 269 786 160 165 90 2
1 1719 270 783 160 165 90 2
1 1719 271 780 160 165 89 2
1 1719 272 777 159 165 89 2
1 1719 273 774 159 165 89 2
1 1719 274 771 158 166 89 2
1 1719 275 768 158 166 88 2
1 1719 276 765 158 166 88 2
1 1719 277 762 157 166 88 2
1 1719 278 759 157 166 87 2
1 1719 279 756 157 167 87 2
1 1719 280 753 156 167 87 2
1 1719 281 751 156 167 87 2
1 1719 282 748 156 167 86 2
1 1719 283 746 155 167 87 2
1 1719 284 743 155 167 86 2
1 1719 285 741 155 167 86 2
1 1719 286 739 154 167 87 2
1 1719 287 736 154 167 86 2
1 1719 288 734 154 167 86 2
1 1719 289 731 153 167 86 2
1 1719 290 729 153 167 86 2
1 1719 291 727 153 167 86 2
1 1719 292 724 152 167 86 2
1 1719 293 722 152 167 86 2
1 1719 294 719 152 167 85 2
1 1719 295 717 151 167 86 2
1 1719 296 715 151 167 86 2
1 1719 297 712 151 167 85 2
1 1719 298 710 150 167 86 2
1 1719 299 707 150 167 85 2
1 1719 300 705 150 167 85 2
1 1719 301 703 149 167 86 2
1 1719 302 700 149 167 85 2
1 1719 303 698 149 167 85 2
1 1719 304 695 148 167 85 2
1 1719 305 693 148 167 85 2
1 1719 306 691 148 167 85 2
1 1719 307 689 148 167 84 2
1 1719 308 688 148 167 84 2
1 1719 309 687 148 167 84 2
1 1719 310 686 148 167 84 2
1 1719 311 685 148 167 83 2
1 1719 312 684 148 166 83 2
1 1719 313 682 148 167 83 2
1 1719 314 681 148 167 83 2
1 1719 315 680 148 167 82 2
1 1719 316 679 148 167 82 2
1 1719 317 678 148 167 82 2
1 1719 318 677 148 166 82 2
1 1719 319 675 148 167 82 2
1 1719 320 674 148 167 81 2
1 1719 321 673 148 167 81 2
1 1719 322 672 148 167 81 2
1 1719 323 671 148 167 81 2
1 1719 324 670 149 167 80 2
1 1719 325 669 149 167 80 2
1 1719 326 668 149 167 80 2
1 1719 327 668 149 167 80 2
1 1719 328 667 149 167 80 2
1 1719 329 667 149 167 80 2
1 1719 330 666 149 167 80 2
1 1719 331 666 149 167 80 2
1 1719 332 665 149 167 80 2
1 1719 333 664 149 167 80 2
1 1719 334 664 149 167 80 2
1 1719 335 663 149 167 80 2
1 1719 336 663 149 167 80 2
1 1719 337 662 149 167 80 2
1 1719 338 662 149 167 80 2
1 1719 339 661 149 167 80 2
1 1719 340 660 149 167 80 2
1 1719 341 660 149 167 80 2
1 1719 342 659 149 167 80 2
1 1719 343 659 149 167 80 2
1 1719 344 658 149 167 80 2
1 1719 345 658 149 167 80 2
1 1719 346 657 149 167 80 2
1 1719 347 657 149 167 80 2
1 1719 348 657 149 167 80 2
1 1719 349 657 149 167 80 2
1 1719 350 656 149 167 80 2
1 1719 351 656 149 167 80 2
1 1719 352 656 149 167 80 2
1 1719 353 656 149 167 80 2
1 1719 354 656 149 167 80 2
1 1719 355 655 149 167 80 2
1 1719 356 655 149 167 80 2
1 1719 357 655 149 167 80 2
1 1719 358 655 149 167 80 2
1 1719 359 654 149 167 80 2
1 1719 360 654 149 167 80 2
1 1719 361 654 149 167 80 2
1 1719 362 654 149 167 80 2
1 1719 363 654 149 167 80 2
1 1719 364 653 149 167 80 2
1 1719 365 653 149 167 80 2
1 1719 366 653 149 167 80 2
1 1719 367 653 149 167 80 2
1 1719 368 653 149 167 80 2
1 1719 369 653 149 167 80 2
1 1719 370 653 149 167 80 2
1 1719 371 653 149 167 80 2
1 1719 372 653 149 167 80 2
1 1719 373 653 149 167 80 2
1 1719 374 653 149 167 80 2
1 1719 375 653 149 167 80 2
1 1719 376 653 149 167 80 2
1 1719 377 653 149 167 80 2
1 1719 378 653 149 167 80 2
1 1719 379 653 149 167 80 2
1 1719 380 652 149 167 80 2
1 1719 381 652 149 167 80 2
1 1719 382 652 149 167 80 2
1 1719 383 652 149 167 80 2
1 1719 384 652 149 167 80 2
1 1719 385 652 149 167 80 2
1 1719 386 652 149 167 80 2
1 1719 387 652 149 167 80 2
1 1719 388 652 149 167 80 2
1 1719 389 652 149 167 80 2
1 1719 390 652 149 167 80 2
1 1719 391 652 149 167 80 2
1 1719 392 652 149 167 80 2
1 1719 393 652 149 167 80 2
1 1719 394 652 149 167 80 2
1 1719 395 652 149 167 80 2
1 1719 396 652 149 167 80 2
1 1719 397 652 149 167 80 2
1 1719 398 652 149 167 80 2
1 1719 399 652 149 167 80 2
1 1719 400 652 149 167 80 2
1 1719 401 652 149 167 80 2
1 1719 402 652 149 167 80 2
1 1719 403 652 149 167 80 2
1 1719 404 652 149 167 80 2
1 1719 405 652 149 167 80 2
1 1719 406 652 149 167 80 2
1 1719 407 652 149 167 80 2
1 1719 408 652 149 167 80 2
1 1719 409 652 149 167 80 2
1 1719 410 652 149 167 80 2
1 1719 411 652 149 167 80 2
1 1719 412 652 149 167 80 2
1 1719 413 652 149 167 80 2
1 1719 414 653 149 167 80 2
1 1719 415 653 149 167 80 2
1 1719 416 653 149 167 80 2
1 1719 417 653 149 167 80 2
1 1719 418 653 149 167 80 2
1 1719 419 653 149 167 80 2
1 1719 420 653 149 167 80 2
1 1719 421 653 149 167 80 2
1 1719 422 653 149 167 80 2
1 1719 423 653 149 167 80 2
1 1719 424 653 149 167 80 2
1 1719 425 653 149 167 80 2
1 1719 426 653 149 167 80 2
1 1719 427 653 149 167 80 2
1 1719 428 653 149 167 80 2
1 1719 429 653 149 167 80 2
1 1719 430 653 149 167 80 2
1 1719 431 653 149 167 80 2
1 1719 432 654 149 167 80 2
1 1719 433 654 149 167 80 2
1 1719 434 654 149 167 80 2
1 1719 435 654 149 167 80 2
1 1719 436 654 149 167 80 2
1 1719 437 654 149 167 80 2
1 1719 438 654 149 167 80 2
1 1719 439 654 149 167 80 2
1 1719 440 654 149 167 80 2
1 1719 441 654 149 167 80 2
1 1719 442 654 149 167 80 2
1 1719 443 654 149 167 80 2
1 1719 444 654 149 167 80 2
1 1719 445 654 149 167 80 2
1 1719 446 654 149 167 80 2
1 1719 447 654 149 167 80 2
1 1719 448 654 149 167 80 2
1 1719 449 654 149 167 80 2
1 1719 450 654 149 167 80 2
1 1719 451 655 149 167 80 2
1 1719 452 655 149 167 80 2
1 1719 453 655 149 167 80 2
1 1719 454 655 149 167 80 2
1 1719 455 655 149 167 80 2
1 1719 456 655 149 167 80 2
1 1719 457 655 149 167 80 2
1 1719 458 655 149 167 80 2
1 1719 459 655 149 167 80 2
1 1719 460 655 149 167 80 2
1 1719 461 655 149 167 80 2
1 1719 462 655 149 167 80 2
1 1719 463 655 149 167 80 2
1 1719 464 655 149 167 80 2
1 1719 465 655 149 167 80 2
1 1719 466 655 149 167 80 2
1 1719 467 655 149 167 80 2
1 1719 468 655 149 167 80 2
1 1719 469 656 149 167 80 2
1 1719 470 656 149 167 80 2
1 1719 471 656 149 167 80 2
1 1719 472 656 149 167 80 2
1 1719 473 656 149 167 80 2
1 1719 474 656 149 167 80 2
1 1719 475 656 149 167 80 2
1 1719 476 656 149 167 80 2
1 1719 477 656 149 167 80 2
1 1719 478 656 149 167 80 2
1 1719 479 656 149 167 80 2
1 1719 480 656 149 167 80 2
1 1719 481 656 149 167 80 2
1 1719 482 656 149 167 80 2
1 1719 483 656 149 167 80 2
1 1719 484 656 149 167 80 2
1 1719 485 656 149 167 80 2
1 1719 486 656 149 167 80 2
1 1719 487 656 149 167 80 2
1 1719 488 657 149 167 80 2
1 1719 489 657 149 167 80 2
1 1719 490 657 149 167 80 2
1 1719 491 657 149 167 80 2
1 1719 492 657 149 167 80 2
1 1719 493 657 149 167 80 2
1 1719 494 657 149 167 80 2
1 1719 495 657 149 167 80 2
1 1719 496 657 149 167 80 2
1 1719 497 657 149 167 80 2
1 1719 498 657 149 167 80 2
1 1719 499 657 149 167 80 2
1 1719 500 657 149 167 80 2
1 1719 501 657 149 167 80 2
1 1719 502 657 149 167 80 2
1 1719 503 657 149 167 80 2
1 1719 504 657 149 167 80 2
1 1719 505 657 149 167 80 2
1 1719 506 658 149 167 80 2
1 1719 507 658 149 167 80 2
1 1719 508 658 149 167 80 2
1 1719 509 658 149 167 80 2
1 1719 510 658 149 167 80 2
1 1719 511 658 149 167 80 2
1 1719 512 658 149 167 80 2
1 1719 513 658 149 167 80 2
1 1719 514 658 149 167 80 2
1 1719 515 658 149 167 80 2
1 1719 516 658 149 167 80 2
1 1719 517 658 149 167 80 2
1 1719 518 658 149 167 80 2
1 1719 519 658 149 167 80 2
1 1719 520 658 149 167 80 2
1 1719 521 658 149 167 80 2
1 1719 522 658 149 167 80 2
1 1719 523 658 149 167 80 2
1 1719 524 658 149 167 80 2
1 1719 525 659 149 167 80 2
1 1719 526 659 149 167 80 2
1 1719 527 659 149 167 80 2
1 1719 528 659 149 167 80 2
1 1719 529 659 149 167 80 2
1 1719 530 659 149 167 80 2
1 1719 531 659 149 167 80 2
1 1719 532 659 149 167 80 2
1 1719 533 659 149 167 80 2
1 1719 534 659 149 167 80 2
1 1719 535 659 149 167 80 2
1 1719 536 659 149 167 80 2
1 1719 537 659 149 167 80 2
1 1719 538 659 149 167 80 2
1 1719 539 659 149 167 80 2
1 1719 540 659 149 167 80 2
1 1719 541 659 149 167 80 2
1 1719 542 659 149 167 80 2
1 1719 543 660 149 167 80 2
1 1719 544 660 149 167 80 2
1 1719 545 660 149 167 80 2
1 1719 546 660 149 167 80 2
1 1719 547 660 149 167 80 2
1 1719 548 660 149 167 80 2
1 1719 549 660 149 167 80 2
1 1719 550 660 149 167 80 2
1 1719 551 660 149 167 80 2
1 1719 552 660 149 167 80 2
1 1719 553 660 149 167 80 2
1 1719 554 660 149 167 80 2
1 1719 555 660 149 167 80 2
1 1719 556 660 149 167 80 2
1 1719 557 660 149 167 80 2
1 1719 558 660 149 167 80 2
1 1719 559 660 149 167 80 2
1 1719 560 660 149 167 80 2
1 1719 561 661 149 167 80 2
1 1719 562 661 149 167 80 2
1 1719 563 661 149 167 80 2
1 1719 564 661 149 167 80 2
1 1719 565 661 149 167 80 2
1 1719 566 661 149 167 80 2
1 1719 567 661 149 167 80 2
1 1719 568 661 149 167 80 2
1 1719 569 661 149 167 80 2
1 1719 570 661 149 167 80 2
1 1719 571 661 149 167 80 2
1 1719 572 661 149 167 80 2
1 1719 573 661 149 167 80 2
1 1719 574 661 149 167 80 2
1 1719 575 661 149 167 80 2
1 1719 576 661 149 167 80 2
1 1719 577 661 149 167 80 2
1 1719 578 661 149 167 80 2
1 1719 579 661 149 167 80 2
1 1719 580 661 149 167 80 2
1 1719 581 661 149 167 80 2
1 1719 582 661 149 167 80 2
1 1719 583 662 149 167 80 2
1 1719 584 662 149 167 80 2
1 1719 585 662 149 167 80 2
1 1719 586 662 149 167 80 2
1 1719 587 662 149 167 80 2
1 1719 588 662 149 167 80 2
1 1719 589 662 149 167 80 2
1 1719 590 662 149 167 80 2
1 1719 591 662 149 167 80 2
1 1719 592 662 149 167 80 2
1 1719 593 662 149 167 80 2
1 1719 594 662 149 167 80 2
1 1719 595 662 149 167 80 2
1 1719 596 662 149 167 80 2
1 1719 597 662 149 167 80 2
1 1719 598 662 149 167 80 2
1 1719 599 662 149 167 80 2
1 1719 600 662 149 167 80 2
1 1719 601 662 149 167 80 2
1 1719 602 662 149 167 80 2
1 1719 603 662 149 167 80 2
1 1719 604 663 149 167 80 2
1 1719 605 663 149 167 80 2
1 1719 606 663 149 167 80 2
1 1719 607 663 149 167 80 2
1 1719 608 663 149 167 80 2
1 1719 609 663 149 167 80 2
1 1719 610 663 149 167 80 2
1 1719 611 663 149 167 80 2
1 1719 612 663 149 167 80 2
1 1719 613 663 149 167 80 2
1 1719 614 663 149 167 80 2
1 1719 615 663 149 167 80 2
1 1719 616 663 149 167 80 2
1 1719 617 663 149 167 80 2
1 1719 618 663 149 167 80 2
1 1719 619 663 149 167 80 2
1 1719 620 663 149 167 80 2
1 1719 621 663 149 167 80 2
1 1719 622 663 149 167 80 2
1 1719 623 663 149 167 80 2
1 1719 624 663 149 167 80 2
1 1719 625 664 149 167 80 2
1 1719 626 663 148 167 80 2
1 1719 627 663 148 167 80 2
1 1719 628 663 148 167 80 2
1 1719 629 663 148 167 80 2
1 1719 630 663 148 167 80 2
1 1719 631 663 148 167 80 2
1 1719 632 663 148 167 80 2
1 1719 633 663 148 167 80 2
1 1719 634 663 148 167 80 2
1 1719 635 663 148 167 80 2
1 1719 636 662 148 167 80 2
1 1719 637 662 148 167 80 2
1 1719 638 662 148 167 80 2
1 1719 639 662 148 167 80 2
1 1719 640 662 148 167 80 2
1 1719 641 662 148 167 80 2
1 1719 642 662 148 167 80 2
1 1719 643 662 148 167 80 2
1 1719 644 662 148 167 80 2
1 1719 645 662 148 167 80 2
1 1719 646 662 148 167 80 2
1 1719 647 661 148 167 80 2
1 1719 648 661 148 167 80 2
1 1719 649 661 148 167 80 2
1 1719 650 661 148 167 80 2
1 1719 651 661 148 167 80 2
1 1719 652 661 148 167 80 2
1 1719 653 661 148 167 80 2
1 1719 654 661 148 167 80 2
1 1719 655 661 148 167 80 2
1 1719 656 661 148 167 80 2
1 1719 657 661 148 167 80 2
1 1719 658 660 147 167 80 2
1 1719 659 660 147 167 80 2
1 1719 660 660 147 167 80 2
1 1719 661 660 147 167 80 2
1 1719 662 660 147 167 80 2
1 1719 663 660 147 167 80 2
1 1719 664 660 147 167 80 2
1 1719 665 660 147 167 80 2
1 1719 666 660 147 167 80 2
1 1719 667 660 147 167 80 2
1 1719 668 660 147 167 80 2
1 1719 669 659 147 167 80 2
1 1719 670 659 147 167 80 2
1 1719 671 659 147 167 80 2
1 1719 672 659 147 167 80 2
1 1719 673 659 147 167 80 2
1 1719 674 659 147 167 80 2
1 1719 675 659 147 167 80 2
1 1719 676 659 147 167 80 2
1 1719 677 659 147 167 80 2
1 1719 678 659 147 167 80 2
1 1719 679 659 147 167 80 2
1 1719 680 658 147 167 80 2
1 1719 681 658 147 167 80 2
1 1719 682 658 147 167 80 2
1 1719 683 658 147 167 80 2
1 1719 684 658 147 167 80 2
1 1719 685 658 147 167 80 2
1 1719 686 658 147 167 80 2
1 1719 687 658 147 167 80 2
1 1719 688 658 147 167 80 2
1 1719 689 658 147 167 80 2
1 1719 690 658 147 167 80 2
1 1719 691 657 147 167 80 2
1 1719 692 657 147 167 80 2
1 1719 693 657 147 167 80 2
1 1719 694 657 147 167 80 2
1 1719 695 657 147 167 80 2
1 1719 696 657 147 167 80 2
1 1719 697 657 147 167 80 2
1 1719 698 656 147 167 80 2
1 1719 699 656 147 167 80 2
1 1719 700 656 147 167 80 2
1 1719 701 656 147 167 80 2
1 1719 702 656 147 167 80 2
1 1719 703 656 147 167 80 2
1 1719 704 656 147 167 80 2
1 1719 705 655 147 167 80 2
1 1719 706 655 147 167 80 2
1 1719 707 655 147 167 80 2
1 1719 708 655 147 167 80 2
1 1719 709 655 147 167 80 2
1 1719 710 655 147 167 80 2
1 1719 711 655 147 167 80 2
1 1719 712 654 147 167 80 2
1 1719 713 654 147 167 80 2
1 1719 714 654 147 167 80 2
1 1719 715 654 147 167 80 2
1 1719 716 654 147 167 80 2
1 1719 717 654 147 167 80 2
1 1719 718 654 147 167 80 2
1 1719 719 653 147 167 80 2
1 1719 720 653 147 167 80 2
1 1719 721 653 147 167 80 2
1 1719 722 653 147 167 80 2
1 1719 723 653 147 167 80 2
1 1719 724 653 147 167 80 2
1 1719 725 653 147 167 80 2
1 1719 726 652 147 167 80 2
1 1719 727 652 147 167 80 2
1 1719 728 652 147 167 80 2
1 1719 729 652 147 167 80 2
1 1719 730 652 147 167 80 2
1 1719 731 652 147 167 80 2
1 1719 732 652 147 167 80 2
1 1719 733 652 147 167 80 2
1 1719 734 652 147 167 80 2
1 1719 735 652 147 167 80 2
1 1719 736 652 147 167 80 2
1 1719 737 652 147 167 80 2
1 1719 738 652 147 167 80 2
1 1719 739 652 147 167 80 2
1 1719 740 652 147 167 80 2
1 1719 741 652 147 167 80 2
1 1719 742 652 147 167 80 2
1 1719 743 652 147 167 80 2
1 1719 744 652 147 167 80 2
1 1719 745 652 147 167 80 2
1 1719 746 652 147 167 80 2
1 1719 747 652 147 167 80 2
1 1719 748 652 147 167 80 2
1 1719 749 652 147 167 80 2
1 1719 750 652 147 167 80 2
1 1719 751 652 147 167 80 2
1 1719 752 652 147 167 80 2
1 1719 753 652 147 167 80 2
1 1719 754 652 147 167 80 2
1 1719 755 652 147 167 80 2
1 1719 756 652 147 167 80 2
1 1719 757 652 147 167 80 2
1 1719 758 652 147 167 80 2
1 1719 759 652 147 167 80 2
1 1719 760 652 147 167 80 2
1 1719 761 652 147 167 80 2
1 1719 762 652 147 167 80 2
1 1719 763 652 147 167 80 2
1 1719 764 652 147 167 80 2
1 1719 765 652 147 167 80 2
1 1719 766 652 147 167 80 2
1 1719 767 652 147 167 80 2
1 1719 768 652 147 167 80 2
1 1719 769 652 147 167 80 2
1 1719 770 652 147 167 80 2
1 1719 771 652 147 167 80 2
1 1719 772 652 147 167 80 2
1 1719 773 652 147 167 80 2
1 1719 774 652 147 167 80 2
1 1719 775 652 147 167 80 2
1 1719 776 652 147 167 80 2
1 1719 777 652 147 167 80 2
1 1719 778 652 147 167 80 2
1 1719 779 652 147 167 80 2
1 1719 780 652 147 167 80 2
1 1719 781 652 147 167 80 2
1 1719 782 652 147 167 80 2
1 1719 783 652 147 167 80 2
1 1719 784 652 147 167 80 2
1 1719 785 652 147 167 80 2
1 1719 786 652 147 167 80 2
1 1719 787 652 147 167 80 2
1 1719 788 652 147 167 80 2
1 1719 789 652 147 167 80 2
1 1719 790 652 147 167 80 2
1 1719 791 652 147 167 80 2
1 1719 792 652 147 167 80 2
1 1719 793 652 147 167 80 2
1 1719 794 652 147 167 80 2
1 1719 795 652 147 167 80 2
1 1719 796 652 147 167 80 2
1 1719 797 652 147 167 80 2
1 1719 798 652 147 167 80 2
1 1719 799 652 147 167 80 2
1 1719 800 652 147 167 80 2
1 1719 801 652 147 167 80 2
1 1719 802 652 147 167 80 2
1 1719 803 652 147 167 80 2
1 1719 804 652 147 167 80 2
1 1719 805 652 147 167 80 2
1 1719 806 653 147 167 80 2
1 1719 807 653 147 167 80 2
1 1719 808 653 147 167 80 2
1 1719 809 653 147 167 80 2
1 1719 810 653 147 167 80 2
1 1719 811 653 147 167 80 2
1 1719 812 653 147 167 80 2
1 1719 813 653 147 167 80 2
1 1719 814 653 147 167 80 2
1 1719 815 653 147 167 80 2
1 1719 816 653 147 167 80 2
1 1719 817 653 147 167 80 2
1 1719 818 653 147 167 80 2
1 1719 819 653 147 167 80 2
1 1719 820 653 147 167 80 2
1 1719 821 653 147 167 80 2
1 1719 822 653 147 167 80 2
1 1719 823 653 147 167 80 2
1 1719 824 653 147 167 80 2
1 1719 825 653 147 167 80 2
1 1719 826 653 147 167 80 2
1 1719 827 653 147 167 80 2
1 1719 828 653 147 167 80 2
1 1719 829 653 147 167 80 2
1 1719 830 653 147 167 80 2
1 1719 831 654 147 167 80 2
1 1719 832 654 147 167 80 2
1 1719 833 654 147 167 80 2
1 1719 834 654 147 167 80 2
1 1719 835 654 147 167 80 2
1 1719 836 654 147 167 80 2
1 1719 837 654 147 167 80 2
1 1719 838 654 147 167 80 2
1 1719 839 654 147 167 80 2
1 1719 840 654 147 167 80 2
1 1719 841 654 147 167 80 2
1 1719 842 654 147 167 80 2
1 1719 843 654 147 167 80 2
1 1719 844 654 147 167 80 2
1 1719 845 654 147 167 80 2
1 1719 846 654 147 167 80 2
1 1719 847 654 147 167 80 2
1 1719 848 654 147 167 80 2
1 1719 849 654 147 167 80 2
1 1719 850 654 147 167 80 2
1 1719 851 654 147 167 80 2
1 1719 852 654 147 167 80 2
1 1719 853 654 147 167 80 2
1 1719 854 654 147 167 80 2
1 1719 855 654 147 167 80 2
1 1719 856 655 147 167 80 2
1 1719 857 654 147 167 80 2
1 1719 858 654 147 167 80 2
1 1719 859 654 147 167 80 2
1 1719 860 654 147 167 80 2
1 1719 861 654 147 167 80 2
1 1719 862 654 147 167 80 2
1 1719 863 654 147 167 80 2
1 1719 864 654 147 167 80 2
1 1719 865 654 147 167 80 2
1 1719 866 654 147 167 80 2
1 1719 867 654 147 167 80 2
1 1719 868 654 147 167 80 2
1 1719 869 654 147 167 80 2
1 1719 870 654 147 167 80 2
1 1719 871 654 147 167 80 2
1 1719 872 654 147 167 80 2
1 1719 873 654 147 167 80 2
1 1719 874 654 147 167 80 2
1 1719 875 654 147 167 80 2
1 1719 876 654 147 167 80 2
1 1719 877 654 147 167 80 2
1 1719 878 654 147 167 80 2
1 1719 879 654 147 167 80 2
1 1719 880 654 147 167 80 2
1 1719 881 654 147 167 80 2
1 1719 882 654 147 167 80 2
1 1719 883 654 147 167 80 2
1 1719 884 653 147 167 80 2
1 1719 885 653 147 167 80 2
1 1719 886 653 147 167 80 2
1 1719 887 653 147 167 80 2
1 1719 888 653 147 167 80 2
1 1719 889 653 147 167 80 2
1 1719 890 653 147 167 80 2
1 1719 891 653 147 167 80 2
1 1719 892 653 147 167 80 2
1 1719 893 653 147 167 80 2
1 1719 894 653 147 167 80 2
1 1719 895 653 147 167 80 2
1 1719 896 653 147 167 80 2
1 1719 897 653 147 167 80 2
1 1719 898 653 147 167 80 2
1 1719 899 653 147 167 80 2
1 1719 900 653 147 167 80 2
1 1719 901 653 147 167 80 2
1 1719 902 653 147 167 80 2
1 1719 903 653 147 167 80 2
1 1719 904 653 147 167 80 2
1 1719 905 653 147 167 80 2
1 1719 906 653 147 167 80 2
1 1719 907 653 147 167 80 2
1 1719 908 653 147 167 80 2
1 1719 909 653 147 167 80 2
1 1719 910 653 147 167 80 2
1 1719 911 653 147 167 80 2
1 1719 912 653 147 167 80 2
1 1719 913 653 147 167 80 2
1 1719 914 653 147 167 80 2
1 1719 915 653 147 167 80 2
1 1719 916 653 147 167 80 2
1 1719 917 653 147 167 80 2
1 1719 918 653 147 167 80 2
1 1719 919 653 147 167 80 2
1 1719 920 653 147 167 80 2
1 1719 921 653 147 167 80 2
1 1719 922 653 147 167 80 2
1 1719 923 653 147 167 80 2
1 1719 924 653 147 167 80 2
1 1719 925 653 147 167 80 2
1 1719 926 653 147 167 80 2
1 1719 927 653 147 167 80 2
1 1719 928 653 147 167 80 2
1 1719 929 653 147 167 80 2
1 1719 930 653 147 167 80 2
1 1719 931 653 147 167 80 2
1 1719 932 653 147 167 80 2
1 1719 933 653 147 167 80 2
1 1719 934 653 147 167 80 2
1 1719 935 653 147 167 80 2
1 1719 936 653 147 167 80 2
1 1719 937 653 147 167 80 2
1 1719 938 653 147 167 80 2
1 1719 939 653 147 167 80 2
1 1719 940 653 147 167 80 2
1 1719 941 653 147 167 80 2
1 1719 942 653 147 167 80 2
1 1719 943 653 147 167 80 2
1 1719 944 653 147 167 80 2
1 1719 945 653 147 167 80 2
1 1719 946 653 147 167 80 2
1 1719 947 653 147 167 80 2
1 1719 948 653 147 167 80 2
1 1719 949 653 147 167 80 2
1 1719 950 653 147 167 80 2
1 1719 951 653 147 167 80 2
1 1719 952 653 147 167 80 2
1 1719 953 653 147 167 80 2
1 1719 954 653 147 167 80 2
1 1719 955 653 147 167 80 2
1 1719 956 653 147 167 80 2
1 1719 957 653 147 167 80 2
1 1719 958 653 147 167 80 2
1 1719 959 653 147 167 80 2
1 1719 960 653 147 167 80 2
1 1719 961 653 147 167 80 2
1 1719 962 653 147 167 80 2
1 1719 963 653 147 167 80 2
1 1719 964 653 147 167 80 2
1 1719 965 653 147 167 80 2
1 1719 966 653 147 167 80 2
1 1719 967 653 147 167 80 2
1 1719 968 653 147 167 80 2
1 1719 969 653 147 167 80 2
1 1719 970 653 147 167 80 2
1 1719 971 653 147 167 80 2
1 1719 972 653 147 167 80 2
1 1719 973 653 147 167 80 2
1 1719 974 653 147 167 80 2
1 1719 975 653 147 167 80 2
1 1719 976 653 147 167 80 2
1 1719 977 653 147 167 80 2
1 1719 978 653 147 167 80 2
1 1719 979 653 147 167 80 2
1 1719 980 653 147 167 80 2
1 1719 981 653 147 167 80 2
1 1719 982 653 147 167 80 2
1 1719 983 653 147 167 80 2
1 1719 984 653 147 167 80 2
1 1719 985 653 147 167 80 2
1 1719 986 653 147 167 80 2
1 1719 987 653 147 167 80 2
1 1719 988 653 147 167 80 2
1 1719 989 653 147 167 80 2
1 1719 990 653 147 167 80 2
1 1719 991 653 147 167 80 2
1 1719 992 653 147 167 80 2
1 1719 993 653 147 167 80 2
1 1719 994 653 147 167 80 2
1 1719 995 653 147 167 80 2
1 1719 996 653 147 167 80 2
1 1719 997 653 147 167 80 2
1 1719 998 653 147 167 80 2
1 1719 999 653 147 167 80 2
1 1719 1000 653 147 167 80 2
1 1719 1001 653 147 167 80 2
1 1719 1002 653 147 167 80 2
1 1719 1003 653 147 167 80 2
1 1719 1004 653 147 167 80 2
1 1719 1005 653 147 167 80 2
1 1719 1006 654 147 167 80 2
1 1719 1007 654 147 167 80 2
1 1719 1008 654 147 167 80 2
1 1719 1009 654 147 167 80 2
1 1719 1010 654 147 167 80 2
1 1719 1011 654 147 167 80 2
1 1719 1012 654 147 167 80 2
1 1719 1013 654 147 167 80 2
1 1719 1014 654 147 167 80 2
1 1719 1015 654 147 167 80 2
1 1719 1016 654 147 167 80 2
1 1719 1017 654 147 167 80 2
1 1719 1018 654 147 167 80 2
1 1719 1019 654 147 167 80 2
1 1719 1020 654 147 167 80 2
1 1719 1021 654 147 167 80 2
1 1719 1022 654 147 167 80 2
1 1719 1023 654 147 167 80 2
1 1719 1024 654 147 167 80 2
1 1719 1025 654 147 167 80 2
1 1719 1026 654 147 167 80 2
1 1719 1027 654 147 167 80 2
1 1719 1028 654 147 167 80 2
1 1719 1029 654 147 167 80 2
1 1719 1030 654 147 167 80 2
1 1719 1031 654 147 167 80 2
1 1719 1032 654 147 167 80 2
1 1719 1033 654 147 167 80 2
1 1719 1034 654 147 167 80 2
1 1719 1035 654 147 167 80 2
1 1719 1036 654 147 167 80 2
1 1719 1037 654 147 167 80 2
1 1719 1038 654 147 167 80 2
1 1719 1039 654 147 167 80 2
1 1719 1040 654 147 167 80 2
1 1719 1041 654 147 167 80 2
1 1719 1042 654 147 167 80 2
1 1719 1043 654 147 167 80 2
1 1719 1044 654 147 167 80 2
1 1719 1045 654 147 167 80 2
1 1719 1046 654 147 167 80 2
1 1719 1047 654 147 167 80 2
1 1719 1048 654 147 167 80 2
1 1719 1049 654 147 167 80 2
1 1719 1050 654 147 167 80 2
1 1719 1051 654 147 167 80 2
1 1719 1052 654 147 167 80 2
1 1719 1053 654 147 167 80 2
1 1719 1054 654 147 167 80 2
1 1719 1055 654 147 167 80 2
1 1719 1056 654 147 167 80 2
1 1719 1057 654 147 167 80 2
1 1719 1058 654 147 167 80 2
1 1719 1059 654 147 167 80 2
1 1719 1060 654 147 167 80 2
1 1719 1061 654 147 167 80 2
1 1719 1062 654 147 167 80 2
1 1719 1063 654 147 167 80 2
1 1719 1064 654 147 167 80 2
1 1719 1065 654 147 167 80 2
1 1719 1066 654 147 167 80 2
1 1719 1067 654 147 167 80 2
1 1719 1068 654 147 167 80 2
1 1719 1069 654 147 167 80 2
1 1719 1070 654 147 167 80 2
1 1719 1071 654 147 167 80 2
1 1719 1072 654 147 167 80 2
1 1719 1073 654 147 167 80 2
1 1719 1074 654 147 167 80 2
1 1719 1075 654 147 167 80 2
1 1719 1076 654 147 167 80 2
1 1719 1077 654 147 167 80 2
1 1719 1078 654 147 167 80 2
1 1719 1079 654 147 167 80 2
1 1719 1080 654 147 167 80 2
1 1719 1081 654 147 167 80 2
1 1719 1082 654 147 167 80 2
1 1719 1083 654 147 167 80 2
1 1719 1084 654 147 167 80 2
1 1719 1085 654 147 167 80 2
1 1719 1086 654 147 167 80 2
1 1719 1087 654 147 167 80 2
1 1719 1088 654 147 167 80 2
1 1719 1089 654 147 167 80 2
1 1719 1090 654 147 167 80 2
1 1719 1091 654 147 167 80 2
1 1719 1092 654 147 167 80 2
1 1719 1093 654 147 167 80 2
1 1719 1094 654 147 167 80 2
1 1719 1095 654 147 167 80 2
1 1719 1096 654 147 167 80 2
1 1719 1097 654 147 167 80 2
1 1719 1098 654 147 167 80 2
1 1719 1099 654 147 167 80 2
1 1719 1100 654 147 167 80 2
1 1719 1101 654 147 167 80 2
1 1719 1102 654 147 167 80 2
1 1719 1103 654 147 167 80 2
1 1719 1104 654 147 167 80 2
1 1719 1105 654 147 167 80 2
1 1719 1106 654 147 167 80 2
1 1719 1107 654 147 167 80 2
1 1719 1108 654 147 167 80 2
1 1719 1109 654 147 167 80 2
1 1719 1110 654 147 167 80 2
1 1719 1111 654 147 167 80 2
1 1719 1112 654 147 167 80 2
1 1719 1113 654 147 167 80 2
1 1719 1114 654 147 167 80 2
1 1719 1115 654 147 167 80 2
1 1719 1116 654 147 167 80 2
1 1719 1117 654 147 167 80 2
1 1719 1118 654 147 167 80 2
1 1719 1119 654 147 167 80 2
1 1719 1120 654 147 167 80 2
1 1719 1121 654 147 167 80 2
1 1719 1122 654 147 167 80 2
1 1719 1123 654 147 167 80 2
1 1719 1124 654 147 167 80 2
1 1719 1125 654 147 167 80 2
1 1719 1126 654 147 167 80 2
1 1719 1127 654 147 167 80 2
1 1719 1128 654 147 167 80 2
1 1719 1129 654 147 167 80 2
1 1719 1130 654 147 167 80 2
1 1719 1131 654 147 167 80 2
1 1719 1132 654 147 167 80 2
1 1719 1133 654 147 167 80 2
1 1719 1134 654 147 167 80 2
1 1719 1135 654 147 167 80 2
1 1719 1136 654 147 167 80 2
1 1719 1137 654 147 167 80 2
1 1719 1138 654 147 167 80 2
1 1719 1139 654 147 167 80 2
1 1719 1140 654 147 167 80 2
1 1719 1141 654 147 167 80 2
1 1719 1142 654 147 167 80 2
1 1719 1143 654 147 167 80 2
1 1719 1144 654 147 167 80 2
1 1719 1145 654 147 167 80 2
1 1719 1146 654 147 167 80 2
1 1719 1147 654 147 167 80 2
1 1719 1148 654 147 167 80 2
1 1719 1149 654 147 167 80 2
1 1719 1150 654 147 167 80 2
1 1719 1151 654 147 167 80 2
1 1719 1152 654 147 167 80 2
1 1719 1153 654 147 167 80 2
1 1719 1154 654 147 167 80 2
1 1719 1155 654 147 167 80 2
1 1719 1156 654 147 167 80 2
1 1719 1157 654 147 167 80 2
1 1719 1158 654 147 167 80 2
1 1719 1159 654 147 167 80 2
1 1719 1160 654 147 167 80 2
1 1719 1161 654 147 167 80 2
1 1719 1162 654 147 167 80 2
1 1719 1163 654 147 167 80 2
1 1719 1164 654 147 167 80 2
1 1719 1165 654 147 167 80 2
1 1719 1166 654 147 167 80 2
1 1719 1167 654 147 167 80 2
1 1719 1168 654 147 167 80 2
1 1719 1169 654 147 167 80 2
1 1719 1170 654 147 167 80 2
1 1719 1171 654 147 167 80 2
1 1719 1172 654 147 167 80 2
1 1719 1173 654 147 167 80 2
1 1719 1174 654 147 167 80 2
1 1719 1175 654 147 167 80 2
1 1719 1176 654 147 167 80 2
1 1719 1177 654 147 167 80 2
1 1719 1178 654 147 167 80 2
1 1719 1179 654 147 167 80 2
1 1719 1180 654 147 167 80 2
1 1719 1181 654 147 167 80 2
1 1719 1182 654 147 167 80 2
1 1719 1183 654 147 167 80 2
1 1719 1184 654 147 167 80 2
1 1719 1185 654 147 167 80 2
1 1719 1186 654 147 167 80 2
1 1719 1187 654 147 167 80 2
1 1719 1188 654 147 167 80 2
1 1719 1189 654 147 167 80 2
1 1719 1190 654 147 167 80 2
1 1719 1191 654 147 167 80 2
1 1719 1192 654 147 167 80 2
1 1719 1193 654 147 167 80 2
1 1719 1194 654 147 167 80 2
1 1719 1195 654 147 167 80 2
1 1719 1196 654 147 167 80 2
1 1719 1197 654 147 167 80 2
1 1719 1198 654 147 167 80 2
1 1719 1199 654 147 167 80 2
1 1719 1200 654 147 167 80 2
1 1719 1201 654 147 167 80 2
1 1719 1202 654 147 167 80 2
1 1719 1203 654 147 167 80 2
1 1719 1204 654 147 167 80 2
1 1719 1205 654 147 167 80 2
1 1719 1206 654 147 167 80 2
1 1719 1207 654 147 167 80 2
1 1719 1208 654 147 167 80 2
1 1719 1209 654 147 167 80 2
1 1719 1210 654 147 167 80 2
1 1719 1211 654 147 167 80 2
1 1719 1212 654 147 167 80 2
1 1719 1213 654 147 167 80 2
1 1719 1214 654 147 167 80 2
1 1719 1215 654 147 167 80 2
1 1719 1216 654 147 167 80 2
1 1719 1217 654 147 167 80 2
1 1719 1218 654 147 167 80 2
1 1719 1219 654 147 167 80 2
1 1719 1220 654 147 167 80 2
1 1719 1221 654 147 167 80 2
1 1719 1222 654 147 167 80 2
1 1719 1223 654 147 167 80 2
1 1719 1224 654 147 167 80 2
1 1719 1225 654 147 167 80 2
1 1719 1226 654 147 167 80 2
1 1719 1227 654 147 167 80 2
1 1719 1228 654 147 167 80 2
1 1719 1229 654 147 167 80 2
1 1719 1230 654 147 167 80 2
1 1719 1231 654 147 167 80 2
1 1719 1232 654 147 167 80 2
1 1719 1233 654 147 167 80 2
1 1719 1234 654 147 167 80 2
1 1719 1235 654 147 167 80 2
1 1719 1236 654 147 167 80 2
1 1719 1237 654 147 167 80 2
1 1719 1238 654 147 167 80 2
1 1719 1239 654 147 167 80 2
1 1719 1240 654 147 167 80 2
1 1719 1241 654 147 167 80 2
1 1719 1242 654 147 167 80 2
1 1719 1243 654 147 167 80 2
1 1719 1244 654 147 167 80 2
1 1719 1245 654 147 167 80 2
1 1719 1246 654 147 167 80 2
1 1719 1247 654 147 167 80 2
1 1719 1248 654 147 167 80 2
1 1719 1249 654 147 167 80 2
1 1719 1250 654 147 167 80 2
1 1719 1251 654 147 167 80 2
1 1719 1252 654 147 167 80 2
1 1719 1253 654 147 167 80 2
1 1719 1254 654 147 167 80 2
1 1719 1255 654 147 167 80 2
1 1719 1256 654 147 167 80 2
1 1719 1257 654 147 167 80 2
1 1719 1258 654 147 167 80 2
1 1719 1259 654 147 167 80 2
1 1719 1260 654 147 167 80 2
1 1719 1261 654 147 167 80 2
1 1719 1262 654 147 167 80 2
1 1719 1263 654 147 167 80 2
1 1719 1264 654 147 167 80 2
1 1719 1265 654 147 167 80 2
1 1719 1266 654 147 167 80 2
1 1719 1267 654 147 167 80 2
1 1719 1268 654 147 167 80 2
1 1719 1269 654 147 167 80 2
1 1719 1270 654 147 167 80 2
1 1719 1271 654 147 167 80 2
1 1719 1272 654 147 167 80 2
1 1719 1273 654 147 167 80 2
1 1719 1274 654 147 167 80 2
1 1719 1275 654 147 167 80 2
1 1719 1276 654 147 167 80 2
1 1719 1277 654 147 167 80 2
1 1719 1278 654 147 167 80 2
1 1719 1279 654 147 167 80 2
1 1719 1280 654 147 167 80 2
1 1719 1281 654 147 167 80 2
1 1719 1282 654 147 167 80 2
1 1719 1283 654 147 167 80 2
1 1719 1284 654 147 167 80 2
1 1719 1285 654 147 167 80 2
1 1719 1286 654 147 167 80 2
1 1719 1287 654 147 167 80 2
1 1719 1288 654 147 167 80 2
1 1719 1289 654 147 167 80 2
1 1719 1290 654 147 167 80 2
1 1719 1291 654 147 167 80 2
1 1719 1292 654 147 167 80 2
1 1719 1293 654 147 167 80 2
1 1719 1294 654 147 167 80 2
1 1719 1295 654 147 167 80 2
1 1719 1296 654 147 167 80 2
1 1719 1297 654 147 167 80 2
1 1719 1298 654 147 167 80 2
1 1719 1299 654 147 167 80 2
1 1719 1300 654 147 167 80 2
1 1719 1301 654 147 167 80 2
1 1719 1302 654 147 167 80 2
1 1719 1303 654 147 167 80 2
1 1719 1304 654 147 167 80 2
1 1719 1305 654 147 167 80 2
1 1719 1306 654 147 167 80 2
1 1719 1307 654 147 167 80 2
1 1719 1308 654 147 167 80 2
1 1719 1309 654 147 167 80 2
1 1719 1310 654 147 167 80 2
1 1719 1311 654 147 167 80 2
1 1719 1312 654 147 167 80 2
1 1719 1313 654 147 167 80 2
1 1719 1314 654 147 167 80 2
1 1719 1315 654 147 167 80 2
1 1719 1316 654 147 167 80 2
1 1719 1317 654 147 167 80 2
1 1719 1318 654 147 167 80 2
1 1719 1319 654 147 167 80 2
1 1719 1320 654 147 167 80 2
1 1719 1321 654 147 167 80 2
1 1719 1322 654 147 167 80 2
1 1719 1323 654 147 167 80 2
1 1719 1324 654 147 167 80 2
1 1719 1325 654 147 167 80 2
1 1719 1326 654 147 167 80 2
1 1719 1327 654 147 167 80 2
1 1719 1328 654 147 167 80 2
1 1719 1329 654 147 167 80 2
1 1719 1330 654 147 167 80 2
1 1719 1331 654 147 167 80 2
1 1719 1332 654 147 167 80 2
1 1719 1333 654 147 167 80 2
1 1719 1334 654 147 167 80 2
1 1719 1335 654 147 167 80 2
1 1719 1336 654 147 167 80 2
1 1719 1337 654 147 167 80 2
1 1719 1338 654 147 167 80 2
1 1719 1339 654 147 167 80 2
1 1719 1340 654 147 167 80 2
1 1719 1341 654 147 167 80 2
1 1719 1342 654 147 167 80 2
1 1719 1343 654 147 167 80 2
1 1719 1344 654 147 167 80 2
1 1719 1345 654 147 167 80 2
1 1719 1346 654 147 167 80 2
1 1719 1347 654 147 167 80 2
1 1719 1348 654 147 167 80 2
1 1719 1349 654 147 167 80 2
1 1719 1350 654 147 167 80 2
1 1719 1351 654 147 167 80 2
1 1719 1352 654 147 167 80 2
1 1719 1353 654 147 167 80 2
1 1719 1354 654 147 167 80 2
1 1719 1355 654 147 167 80 2
1 1719 1356 654 147 167 80 2
1 1719 1357 654 147 167 80 2
1 1719 1358 654 147 167 80 2
1 1719 1359 654 147 167 80 2
1 1719 1360 654 147 167 80 2
1 1719 1361 654 147 167 80 2
1 1719 1362 654 147 167 80 2
1 1719 1363 654 147 167 80 2
1 1719 1364 654 147 167 80 2
1 1719 1365 654 147 167 80 2
1 1719 1366 654 147 167 80 2
1 1719 1367 654 147 167 80 2
1 1719 1368 654 147 167 80 2
1 1719 1369 654 147 167 80 2
1 1719 1370 654 147 167 80 2
1 1719 1371 654 147 167 80 2
1 1719 1372 654 147 167 80 2
1 1719 1373 654 147 167 80 2
1 1719 1374 654 147 167 80 2
1 1719 1375 654 147 167 80 2
1 1719 1376 654 147 167 80 2
1 1719 1377 654 147 167 80 2
1 1719 1378 654 147 167 80 2
1 1719 1379 654 147 167 80 2
1 1719 1380 654 147 167 80 2
1 1719 1381 654 147 167 80 2
1 1719 1382 654 147 167 80 2
1 1719 1383 654 147 167 80 2
1 1719 1384 654 147 167 80 2
1 1719 1385 654 147 167 80 2
1 1719 1386 654 147 167 80 2
1 1719 1387 654 147 167 80 2
1 1719 1388 654 147 167 80 2
1 1719 1389 654 147 167 80 2
1 1719 1390 654 147 167 80 2
1 1719 1391 654 147 167 80 2
1 1719 1392 654 147 167 80 2
1 1719 1393 654 147 167 80 2
1 1719 1394 654 147 167 80 2
1 1719 1395 654 147 167 80 2
1 1719 1396 654 147 167 80 2
1 1719 1397 654 147 167 80 2
1 1719 1398 654 147 167 80 2
1 1719 1399 654 147 167 80 2
1 1719 1400 654 147 167 80 2
1 1719 1401 654 147 167 80 2
1 1719 1402 654 147 167 80 2
1 1719 1403 654 147 167 80 2
1 1719 1404 654 147 167 80 2
1 1719 1405 654 147 167 80 2
1 1719 1406 654 147 167 80 2
1 1719 1407 654 147 167 80 2
1 1719 1408 654 147 167 80 2
1 1719 1409 654 147 167 80 2
1 1719 1410 654 147 167 80 2
1 1719 1411 654 147 167 80 2
1 1719 1412 654 147 167 80 2
1 1719 1413 654 147 167 80 2
1 1719 1414 654 147 167 80 2
1 1719 1415 654 147 167 80 2
1 1719 1416 654 147 167 80 2
1 1719 1417 654 147 167 80 2
1 1719 1418 654 147 167 80 2
1 1719 1419 654 147 167 80 2
1 1719 1420 654 147 167 80 2
1 1719 1421 654 147 167 80 2
1 1719 1422 654 147 167 80 2
1 1719 1423 654 147 167 80 2
1 1719 1424 654 147 167 80 2
1 1719 1425 654 147 167 80 2
1 1719 1426 654 147 167 80 2
1 1719 1427 654 147 167 80 2
1 1719 1428 654 147 167 80 2
1 1719 1429 654 147 167 80 2
1 1719 1430 654 147 167 80 2
1 1719 1431 654 147 167 80 2
1 1719 1432 654 147 167 80 2
1 1719 1433 654 147 167 80 2
1 1719 1434 654 147 167 80 2
1 1719 1435 654 147 167 80 2
1 1719 1436 654 147 167 80 2
1 1719 1437 654 147 167 80 2
1 1719 1438 654 147 167 80 2
1 1719 1439 654 147 167 80 2
1 1719 1440 654 147 167 80 2
1 1719 1441 654 147 167 80 2
1 1719 1442 654 147 167 80 2
1 1719 1443 654 147 167 80 2
1 1719 1444 654 147 167 80 2
1 1719 1445 654 147 167 80 2
1 1719 1446 654 147 167 80 2
1 1719 1447 654 147 167 80 2
1 1719 1448 654 147 167 80 2
1 1719 1449 654 147 167 80 2
1 1719 1450 654 147 167 80 2
1 1719 1451 654 147 167 80 2
1 1719 1452 654 147 167 80 2
1 1719 1453 654 147 167 80 2
1 1719 1454 654 147 167 80 2
1 1719 1455 654 147 167 80 2
1 1719 1456 654 147 167 80 2
1 1719 1457 654 147 167 80 2
1 1719 1458 654 147 167 80 2
1 1719 1459 654 147 167 80 2
1 1719 1460 654 147 167 80 2
1 1719 1461 654 147 167 80 2
1 1719 1462 654 147 167 80 2
1 1719 1463 654 147 167 80 2
1 1719 1464 654 147 167 80 2
1 1719 1465 654 147 167 80 2
1 1719 1466 654 147 167 80 2
1 1719 1467 654 147 167 80 2
1 1719 1468 654 147 167 80 2
1 1719 1469 654 147 167 80 2
1 1719 1470 654 147 167 80 2
1 1719 1471 654 147 167 80 2
1 1719 1472 654 147 167 80 2
1 1719 1473 654 147 167 80 2
1 1719 1474 654 147 167 80 2
1 1719 1475 654 147 167 80 2
1 1719 1476 654 147 167 80 2
1 1719 1477 654 147 167 80 2
1 1719 1478 654 147 167 80 2
1 1719 1479 654 147 167 80 2
1 1719 1480 654 147 167 80 2
1 1719 1481 655 147 167 80 2
1 1719 1482 655 147 167 80 2
1 1719 1483 655 147 167 80 2
1 1719 1484 655 147 167 80 2
1 1719 1485 655 147 167 80 2
1 1719 1486 655 147 167 80 2
1 1719 1487 655 147 167 80 2
1 1719 1488 655 147 167 80 2
1 1719 1489 655 147 167 80 2
1 1719 1490 655 147 167 80 2
1 1719 1491 655 147 167 80 2
1 1719 1492 655 147 167 80 2
1 1719 1493 655 147 167 80 2
1 1719 1494 655 147 167 80 2
1 1719 1495 655 147 167 80 2
1 1719 1496 655 147 167 80 2
1 1719 1497 655 147 167 80 2
1 1719 1498 656 147 167 80 2
1 1719 1499 656 147 167 80 2
1 1719 1500 656 147 167 80 2
1 1719 1501 656 147 167 80 2
1 1719 1502 656 147 167 80 2
1 1719 1503 656 147 167 80 2
1 1719 1504 656 147 167 80 2
1 1719 1505 656 147 167 80 2
1 1719 1506 656 147 167 80 2
1 1719 1507 656 147 167 80 2
1 1719 1508 656 147 167 80 2
1 1719 1509 656 147 167 80 2
1 1719 1510 656 147 167 80 2
1 1719 1511 656 147 167 80 2
1 1719 1512 656 147 167 80 2
1 1719 1513 656 147 167 80 2
1 1719 1514 656 147 167 80 2
1 1719 1515 657 147 167 80 2
1 1719 1516 657 147 167 80 2
1 1719 1517 657 147 167 80 2
1 1719 1518 657 147 167 80 2
1 1719 1519 657 147 167 80 2
1 1719 1520 657 147 167 80 2
1 1719 1521 657 147 167 80 2
1 1719 1522 657 147 167 80 2
1 1719 1523 657 147 167 80 2
1 1719 1524 657 147 167 80 2
1 1719 1525 657 147 167 80 2
1 1719 1526 657 147 167 80 2
1 1719 1527 657 147 167 80 2
1 1719 1528 657 147 167 80 2
1 1719 1529 657 147 167 80 2
1 1719 1530 657 147 167 80 2
1 1719 1531 657 147 167 80 2
1 1719 1532 658 147 167 80 2
1 1719 1533 658 147 167 80 2
1 1719 1534 658 147 167 80 2
1 1719 1535 658 147 167 80 2
1 1719 1536 658 147 167 80 2
1 1719 1537 658 147 167 80 2
1 1719 1538 658 147 167 80 2
1 1719 1539 658 147 167 80 2
1 1719 1540 658 147 167 80 2
1 1719 1541 658 147 167 80 2
1 1719 1542 658 147 167 80 2
1 1719 1543 658 147 167 80 2
1 1719 1544 658 147 167 80 2
1 1719 1545 658 147 167 80 2
1 1719 1546 658 147 167 80 2
1 1719 1547 658 147 167 80 2
1 1719 1548 658 147 167 80 2
1 1719 1549 659 147 167 80 2
1 1719 1550 659 147 167 80 2
1 1719 1551 659 147 167 80 2
1 1719 1552 659 147 167 80 2
1 1719 1553 659 147 167 80 2
1 1719 1554 659 147 167 80 2
1 1719 1555 659 147 167 80 2
1 1719 1556 659 147 167 80 2
1 1719 1557 659 147 167 80 2
1 1719 1558 659 147 167 80 2
1 1719 1559 659 147 167 80 2
1 1719 1560 659 147 167 80 2
1 1719 1561 659 147 167 80 2
1 1719 1562 659 147 167 80 2
1 1719 1563 659 147 167 80 2
1 1719 1564 659 147 167 80 2
1 1719 1565 659 147 167 80 2
1 1719 1566 660 147 167 80 2
1 1719 1567 660 147 167 80 2
1 1719 1568 660 147 167 80 2
1 1719 1569 660 147 167 80 2
1 1719 1570 660 147 167 80 2
1 1719 1571 660 147 167 80 2
1 1719 1572 660 147 167 80 2
1 1719 1573 660 147 167 80 2
1 1719 1574 660 147 167 80 2
1 1719 1575 660 147 167 80 2
1 1719 1576 660 147 167 80 2
1 1719 1577 660 147 167 80 2
1 1719 1578 660 147 167 80 2
1 1719 1579 660 147 167 80 2
1 1719 1580 660 147 167 80 2
1 1719 1581 660 147 167 80 2
1 1719 1582 660 147 167 80 2
1 1719 1583 661 147 167 80 2
1 1719 1584 661 147 167 80 2
1 1719 1585 661 147 167 80 2
1 1719 1586 661 147 167 80 2
1 1719 1587 661 147 167 80 2
1 1719 1588 661 147 167 80 2
1 1719 1589 661 147 167 80 2
1 1719 1590 661 147 167 80 2
1 1719 1591 661 147 167 80 2
1 1719 1592 661 147 167 80 2
1 1719 1593 661 147 167 80 2
1 1719 1594 661 147 167 80 2
1 1719 1595 661 147 167 80 2
1 1719 1596 661 147 167 80 2
1 1719 1597 661 147 167 80 2
1 1719 1598 661 147 167 80 2
1 1719 1599 661 147 167 80 2
1 1719 1600 662 147 167 80 2
1 1719 1601 662 147 167 80 2
1 1719 1602 662 147 167 80 2
1 1719 1603 662 147 167 80 2
1 1719 1604 662 147 167 80 2
1 1719 1605 662 147 167 80 2
1 1719 1606 662 147 167 80 2
1 1719 1607 662 147 167 80 2
1 1719 1608 662 147 167 80 2
1 1719 1609 662 147 167 80 2
1 1719 1610 662 147 167 80 2
1 1719 1611 662 147 167 80 2
1 1719 1612 662 147 167 80 2
1 1719 1613 662 147 167 80 2
1 1719 1614 662 147 167 80 2
1 1719 1615 662 147 167 80 2
1 1719 1616 662 147 167 80 2
1 1719 1617 663 147 167 80 2
1 1719 1618 662 147 167 80 2
1 1719 1619 662 147 167 80 2
1 1719 1620 662 147 167 80 2
1 1719 1621 662 147 167 80 2
1 1719 1622 662 147 167 80 2
1 1719 1623 662 147 167 80 2
1 1719 1624 662 147 167 80 2
1 1719 1625 662 147 167 80 2
1 1719 1626 662 147 167 80 2
1 1719 1627 662 147 167 80 2
1 1719 1628 662 147 167 80 2
1 1719 1629 662 147 167 80 2
1 1719 1630 662 147 167 80 2
1 1719 1631 662 147 167 80 2
1 1719 1632 662 147 167 80 2
1 1719 1633 662 147 167 80 2
1 1719 1634 662 147 167 80 2
1 1719 1635 662 147 167 80 2
1 1719 1636 662 147 167 80 2
1 1719 1637 662 147 167 80 2
1 1719 1638 662 147 167 80 2
1 1719 1639 662 147 167 80 2
1 1719 1640 662 147 167 80 2
1 1719 1641 662 147 167 80 2
1 1719 1642 662 147 167 80 2
1 1719 1643 662 147 167 80 2
1 1719 1644 662 147 167 80 2
1 1719 1645 662 147 167 80 2
1 1719 1646 662 147 167 80 2
1 1719 1647 662 147 167 80 2
1 1719 1648 662 147 167 80 2
1 1719 1649 662 147 167 80 2
1 1719 1650 662 147 167 80 2
1 1719 1651 662 147 167 80 2
1 1719 1652 662 147 167 80 2
1 1719 1653 662 147 167 80 2
1 1719 1654 662 147 167 80 2
1 1719 1655 662 147 167 80 2
1 1719 1656 662 147 167 80 2
1 1719 1657 662 147 167 80 2
1 1719 1658 662 147 167 80 2
1 1719 1659 662 147 167 80 2
1 1719 1660 662 147 167 80 2
1 1719 1661 662 147 167 80 2
1 1719 1662 662 147 167 80 2
1 1719 1663 662 147 167 80 2
1 1719 1664 662 147 167 80 2
1 1719 1665 662 147 167 80 2
1 1719 1666 662 147 167 80 2
1 1719 1667 662 147 167 80 2
1 1719 1668 662 147 167 80 2
1 1719 1669 662 147 167 80 2
1 1719 1670 662 147 167 80 2
1 1719 1671 662 147 167 80 2
1 1719 1672 662 147 167 80 2
1 1719 1673 662 147 167 80 2
1 1719 1674 662 147 167 80 2
1 1719 1675 662 147 167 80 2
1 1719 1676 661 147 167 80 2
1 1719 1677 661 147 167 80 2
1 1719 1678 661 147 167 80 2
1 1719 1679 661 147 167 80 2
1 1719 1680 661 147 167 80 2
1 1719 1681 661 147 167 80 2
1 1719 1682 661 147 167 80 2
1 1719 1683 661 147 167 80 2
1 1719 1684 661 147 167 80 2
1 1719 1685 661 147 167 80 2
1 1719 1686 661 147 167 80 2
1 1719 1687 661 147 167 80 2
1 1719 1688 661 147 167 80 2
1 1719 1689 661 147 167 80 2
1 1719 1690 661 147 167 80 2
1 1719 1691 661 147 167 80 2
1 1719 1692 661 147 167 80 2
1 1719 1693 661 147 167 80 2
1 1719 1694 661 147 167 80 2
1 1719 1695 661 147 167 80 2
1 1719 1696 661 147 167 80 2
1 1719 1697 661 147 167 80 2
1 1719 1698 661 147 167 80 2
1 1719 1699 661 147 167 80 2
1 1719 1700 661 147 167 80 2
1 1719 1701 661 147 167 80 2
1 1719 1702 661 147 167 80 2
1 1719 1703 661 147 167 80 2
1 1719 1704 661 147 167 80 2
1 1719 1705 661 147 167 80 2
1 1719 1706 661 147 167 80 2
1 1719 1707 661 147 167 80 2
1 1719 1708 661 147 167 80 2
1 1719 1709 661 147 167 80 2
1 1719 1710 661 147 167 80 2
1 1719 1711 661 147 167 80 2
1 1719 1712 661 147 167 80 2
1 1719 1713 661 147 167 80 2
1 1719 1714 661 147 167 80 2
1 1719 1715 661 147 167 80 2
1 1719 1716 661 147 167 80 2
1 1719 1717 661 147 167 80 2
1 1719 1718 661 147 167 80 2
1 1719 1719 661 147 167 80 2
1 1719 1720 661 147 167 80 2
1 1719 1721 661 147 167 80 2
1 1719 1722 661 147 167 80 2
1 1719 1723 661 147 167 80 2
1 1719 1724 661 147 167 80 2
1 1719 1725 661 147 167 80 2
1 1719 1726 661 147 167 80 2
1 1719 1727 661 147 167 80 2
1 1719 1728 661 147 167 80 2
1 1719 1729 661 147 167 80 2
1 1719 1730 661 147 167 80 2
1 1719 1731 661 147 167 80 2
1 1719 1732 661 147 167 80 2
1 1719 1733 661 147 167 80 2
1 1719 1734 661 147 167 80 2
1 1719 1735 661 147 167 80 2
1 1719 1736 661 147 167 80 2
1 1719 1737 661 147 167 80 2
1 1719 1738 661 147 167 80 2
1 1719 1739 661 147 167 80 2
1 1719 1740 661 147 167 80 2
1 1719 1741 661 147 167 80 2
1 1719 1742 661 147 167 80 2
1 1719 1743 661 147 167 80 2
1 1719 1744 661 147 167 80 2
1 1719 1745 661 147 167 80 2
1 1719 1746 661 147 167 80 2
1 1719 1747 661 147 167 80 2
1 1719 1748 661 147 167 80 2
1 1719 1749 661 147 167 80 2
1 1719 1750 661 147 167 80 2
1 1719 1751 661 147 167 80 2
1 1719 1752 661 147 167 80 2
1 1719 1753 661 147 167 80 2
1 1719 1754 661 147 167 80 2
1 1719 1755 661 147 167 80 2
1 1719 1756 661 147 167 80 2
1 1719 1757 661 147 167 80 2
1 1719 1758 661 147 167 80 2
1 1719 1759 661 147 167 80 2
1 1719 1760 661 147 167 80 2
1 1719 1761 661 147 167 80 2
1 1719 1762 661 147 167 80 2
1 1719 1763 661 147 167 80 2
1 1719 1764 661 147 167 80 2
1 1719 1765 661 147 167 80 2
1 1719 1766 661 147 167 80 2
1 1719 1767 661 147 167 80 2
2 437 687 703 160 36 53 1
2 437 688 703 159 35 54 1
2 437 689 703 159 35 54 1
2 437 690 703 159 35 54 1
2 437 691 703 159 35 54 1
2 437 692 703 159 35 55 1
2 437 693 703 159 35 55 1
2 437 694 703 159 35 55 1
2 437 695 703 159 35 55 1
2 437 696 703 159 35 56 1
2 437 697 703 158 35 57 1
2 437 698 703 158 35 57 1
2 437 699 703 158 35 57 1
2 437 700 703 158 35 58 1
2 437 701 703 158 35 58 1
2 437 702 703 158 35 58 1
2 437 703 703 158 35 58 1
2 437 704 703 158 35 59 1
2 437 705 703 158 35 59 1
2 437 706 703 158 35 59 1
2 437 707 703 157 35 60 1
2 437 708 703 157 35 61 1
2 437 709 703 157 35 61 1
2 437 710 703 157 35 61 1
2 437 711 703 157 35 61 1
2 437 712 703 157 35 61 1
2 437 713 703 157 35 62 1
2 437 714 702 157 36 62 1
2 437 715 702 157 36 62 1
2 437 716 702 156 36 63 1
2 437 717 702 156 36 64 1
2 437 718 702 156 36 64 1
2 437 719 702 156 36 64 1
2 437 720 702 156 36 64 1
2 437 721 702 156 36 65 1
2 437 722 702 156 36 65 1
2 437 723 702 156 36 65 1
2 437 724 703 156 36 66 1
2 437 725 703 156 36 66 1
2 437 726 703 156 36 66 1
2 437 727 703 156 36 67 1
2 437 728 703 156 36 67 1
2 437 729 703 156 36 67 1
2 437 730 703 156 36 68 1
2 437 731 704 156 35 68 1
2 437 732 704 156 36 69 1
2 437 733 704 156 36 69 1
2 437 734 704 156 36 69 1
2 437 735 704 156 36 70 1
2 437 736 704 156 36 70 1
2 437 737 704 156 36 70 1
2 437 738 705 156 35 71 1
2 437 739 705 156 36 71 1
2 437 740 705 156 36 72 1
2 437 741 705 156 36 72 1
2 437 742 705 156 36 72 1
2 437 743 705 156 36 73 1
2 437 744 705 156 36 73 1
2 437 745 706 157 36 73 1
2 437 746 706 157 36 73 1
2 437 747 706 157 36 73 1
2 437 748 707 157 36 73 1
2 437 749 707 157 36 73 1
2 437 750 707 157 36 73 1
2 437 751 708 157 36 73 1
2 437 752 708 157 36 73 1
2 437 753 709 157 36 73 1
2 437 754 709 157 36 73 1
2 437 755 709 157 36 73 1
2 437 756 710 157 36 73 1
2 437 757 710 157 36 73 1
2 437 758 710 157 36 73 1
2 437 759 711 157 36 73 1
2 437 760 711 157 36 73 1
2 437 761 712 157 36 73 1
2 437 762 712 157 36 73 1
2 437 763 712 157 36 73 1
2 437 764 713 157 36 73 1
2 437 765 713 157 36 73 1
2 437 766 713 157 36 73 1
2 437 767 714 157 36 73 1
2 437 768 714 157 36 73 1
2 437 769 715 157 36 73 1
2 437 770 714 157 36 73 1
2 437 771 714 157 36 73 1
2 437 772 713 157 36 73 1
2 437 773 713 157 36 73 1
2 437 774 713 157 36 73 1
2 437 775 712 157 36 73 1
2 437 776 712 157 36 73 1
2 437 777 712 157 36 73 1
2 437 778 711 157 36 73 1
2 437 779 711 157 36 73 1
2 437 780 711 157 36 73 1
2 437 781 710 157 36 73 1
2 437 782 710 157 36 73 1
2 437 783 710 157 36 73 1
2 437 784 709 157 36 73 1
2 437 785 709 157 36 73 1
2 437 786 709 157 36 73 1
2 437 787 708 157 36 73 1
2 437 788 708 157 36 73 1
2 437 789 707 157 36 73 1
2 437 790 707 157 36 73 1
2 437 791 707 157 36 73 1
2 437 792 706 157 36 73 1
2 437 793 706 157 36 73 1
2 437 794 706 157 36 73 1
2 437 795 705 157 36 73 1
2 437 796 705 157 36 73 1
2 437 797 705 157 36 73 1
2 437 798 704 157 36 73 1
2 437 799 704 157 36 73 1
2 437 800 704 157 36 73 1
2 437 801 703 157 36 73 1
2 437 802 703 157 36 73 1
2 437 803 703 157 36 73 1
2 437 804 701 156 36 73 1
2 437 805 700 156 36 73 1
2 437 806 699 156 36 73 1
2 437 807 698 156 36 73 1
2 437 808 697 156 36 73 1
2 437 809 696 156 36 73 1
2 437 810 694 156 37 73 1
2 437 811 693 156 37 73 1
2 437 812 692 156 37 73 1
2 437 813 691 156 37 73 1
2 437 814 690 156 37 73 1
2 437 815 689 156 37 73 1
2 437 816 687 156 38 73 1
2 437 817 686 156 38 73 1
2 437 818 685 156 38 73 1
2 437 819 684 156 38 73 1
2 437 820 683 156 38 73 1
2 437 821 682 156 38 73 1
2 437 822 680 156 39 73 1
2 437 823 679 156 39 73 1
2 437 824 678 156 39 73 1
2 437 825 677 156 39 73 1
2 437 826 676 156 39 73 1
2 437 827 675 156 39 73 1
2 437 828 674 156 39 73 1
2 437 829 672 155 39 73 1
2 437 830 671 155 39 73 1
2 437 831 669 154 40 74 1
2 437 832 668 154 39 73 1
2 437 833 667 154 39 73 1
2 437 834 665 153 40 74 1
2 437 835 664 153 40 74 1
2 437 836 663 153 39 73 1
2 437 837 661 152 40 74 1
2 437 838 660 152 40 74 1
2 437 839 659 152 40 74 1
2 437 840 657 151 40 74 1
2 437 841 656 151 40 74 1
2 437 842 655 151 40 74 1
2 437 843 653 150 41 75 1
2 437 844 652 150 40 74 1
2 437 845 651 150 40 74 1
2 437 846 649 149 41 75 1
2 437 847 648 149 41 75 1
2 437 848 647 149 41 75 1
2 437 849 645 148 41 74 1
2 437 850 644 148 40 73 1
2 437 851 643 148 40 72 1
2 437 852 641 147 40 72 1
2 437 853 640 147 40 70 1
2 437 854 639 147 39 69 1
2 437 855 638 147 39 68 1
2 437 856 636 146 39 68 1
2 437 857 635 146 38 66 1
2 437 858 634 146 38 65 1
2 437 859 632 145 38 65 1
2 437 860 631 145 38 64 1
2 437 861 630 145 37 63 1
2 437 862 628 144 38 63 1
2 437 863 627 144 37 61 1
2 437 864 626 144 37 60 1
2 437 865 624 144 37 59 1
2 437 866 623 143 37 59 1
2 437 867 622 143 36 58 1
2 437 868 621 143 36 57 1
2 437 869 619 142 36 57 1
2 437 870 618 142 36 56 1
2 437 871 617 142 35 56 1
2 437 872 615 141 36 56 1
2 437 873 614 141 36 55 1
2 437 874 613 141 35 55 1
2 437 875 611 141 36 54 1
2 437 876 610 140 35 54 1
2 437 877 609 140 35 54 1
2 437 878 608 140 35 53 1
2 437 879 606 140 35 53 1
2 437 880 605 139 35 53 1
2 437 881 604 139 35 52 1
2 437 882 602 139 35 52 1
2 437 883 601 139 35 51 1
2 437 884 600 138 35 51 1
2 437 885 599 138 34 51 1
2 437 886 597 138 35 50 1
2 437 887 596 138 34 49 1
2 437 888 595 137 34 50 1
2 437 889 593 137 35 49 1
2 437 890 592 137 34 49 1
2 437 891 591 137 34 48 1
2 437 892 589 136 35 48 1
2 437 893 588 136 34 48 1
2 437 894 587 136 34 47 1
2 437 895 586 136 34 47 1
2 437 896 584 135 34 47 1
2 437 897 582 135 34 46 1
2 437 898 580 135 34 46 1
2 437 899 578 135 34 45 1
2 437 900 576 134 34 46 1
2 437 901 575 134 34 45 1
2 437 902 573 134 34 44 1
2 437 903 572 134 33 44 1
2 437 904 570 134 34 43 1
2 437 905 568 134 34 43 1
2 437 906 567 133 34 43 1
2 437 907 565 133 34 43 1
2 437 908 564 133 34 42 1
2 437 909 563 133 33 42 1
2 437 910 561 133 34 41 1
2 437 911 560 133 34 41 1
2 437 912 559 133 33 40 1
2 437 913 557 133 34 40 1
2 437 914 556 132 34 41 1
2 437 915 555 132 34 40 1
2 437 916 553 132 34 40 1
2 437 917 552 132 34 39 1
2 437 918 551 132 34 39 1
2 437 919 550 132 34 38 1
2 437 920 549 132 34 38 1
2 437 921 548 132 34 38 1
2 437 922 547 132 34 37 1
2 437 923 546 132 33 37 1
2 437 924 544 132 34 36 1
2 437 925 543 132 34 36 1
2 437 926 542 132 34 36 1
2 437 927 541 132 34 35 1
2 437 928 540 132 34 35 1
2 437 929 540 132 34 35 1
2 437 930 539 131 34 36 1
2 437 931 538 131 34 36 1
2 437 932 537 131 34 37 1
2 437 933 536 131 33 37 1
2 437 934 535 131 33 38 1
2 437 935 534 130 33 39 1
2 437 936 533 130 33 40 1
2 437 937 532 130 33 40 1
2 437 938 531 130 33 41 1
2 437 939 529 130 34 41 1
2 437 940 528 130 34 41 1
2 437 941 527 130 33 42 1
2 437 942 526 129 33 43 1
2 437 943 525 129 33 44 1
2 437 944 523 129 34 44 1
2 437 945 522 129 33 45 1
2 437 946 521 129 33 45 1
2 437 947 519 129 33 46 1
2 437 948 518 128 33 47 1
2 437 949 516 128 34 48 1
2 437 950 515 128 33 49 1
2 437 951 513 128 34 49 1
2 437 952 512 128 33 50 1
2 437 953 510 128 33 50 1
2 437 954 508 128 34 51 1
2 437 955 507 128 33 51 1
2 437 956 505 127 33 53 1
2 437 957 503 127 33 54 1
2 437 958 501 127 34 54 1
2 437 959 499 127 34 55 1
2 437 960 497 127 34 55 1
2 437 961 495 127 34 56 1
2 437 962 493 127 34 57 1
2 437 963 491 127 33 57 1
2 437 964 488 127 34 58 1
2 437 965 486 127 34 59 1
2 437 966 484 127 34 60 1
2 437 967 482 126 34 61 1
2 437 968 480 126 35 61 1
2 437 969 479 126 34 61 1
2 437 970 477 126 35 61 1
2 437 971 476 126 34 62 1
2 437 972 474 126 35 62 1
2 437 973 473 126 35 62 1
2 437 974 471 125 35 63 1
2 437 975 470 125 35 64 1
2 437 976 468 125 35 64 1
2 437 977 467 125 35 64 1
2 437 978 465 125 35 64 1
2 437 979 464 125 35 65 1
2 437 980 462 125 36 65 1
2 437 981 461 125 35 65 1
2 437 982 459 124 36 66 1
2 437 983 458 124 35 67 1
2 437 984 456 124 36 67 1
2 437 985 455 124 36 67 1
2 437 986 453 124 36 67 1
2 437 987 452 124 36 68 1
2 437 988 450 124 36 68 1
2 437 989 449 123 36 69 1
2 437 990 447 123 37 69 1
2 437 991 446 123 36 69 1
2 437 992 444 123 37 70 1
2 437 993 443 123 36 70 1
2 437 994 441 123 37 70 1
2 437 995 440 123 37 71 1
2 437 996 438 122 37 71 1
2 437 997 436 122 37 71 1
2 437 998 435 122 37 71 1
2 437 999 433 122 37 71 1
2 437 1000 432 121 37 72 1
2 437 1001 430 121 37 72 1
2 437 1002 429 121 37 71 1
2 437 1003 427 121 37 71 1
2 437 1004 425 120 37 72 1
2 437 1005 424 120 37 72 1
2 437 1006 422 120 37 72 1
2 437 1007 421 120 37 72 1
2 437 1008 419 119 37 72 1
2 437 1009 418 119 37 72 1
2 437 1010 416 119 37 72 1
2 437 1011 415 119 37 72 1
2 437 1012 413 119 37 72 1
2 437 1013 411 118 37 73 1
2 437 1014 410 118 37 72 1
2 437 1015 408 118 37 72 1
2 437 1016 407 118 37 72 1
2 437 1017 405 117 37 73 1
2 437 1018 404 117 37 73 1
2 437 1019 402 117 37 73 1
2 437 1020 401 117 37 72 1
2 437 1021 399 116 37 73 1
2 437 1022 397 116 37 73 1
2 437 1023 396 116 37 73 1
2 437 1024 394 116 37 73 1
2 437 1025 393 116 37 73 1
2 437 1026 391 115 37 73 1
2 437 1027 390 115 37 73 1
2 437 1028 388 115 37 73 1
2 437 1029 387 115 37 73 1
2 437 1030 385 114 37 74 1
2 437 1031 383 114 37 74 1
2 437 1032 382 114 37 73 1
2 437 1033 380 114 37 73 1
2 437 1034 379 113 37 74 1
2 437 1035 377 113 37 74 1
2 437 1036 376 113 37 74 1
2 437 1037 374 113 37 74 1
2 437 1038 373 113 37 74 1
2 437 1039 371 112 37 74 1
2 437 1040 369 112 37 74 1
2 437 1041 368 112 37 74 1
2 437 1042 366 112 37 74 1
2 437 1043 365 112 37 73 1
2 437 1044 363 111 37 74 1
2 437 1045 362 111 37 74 1
2 437 1046 360 111 37 74 1
2 437 1047 358 111 38 74 1
2 437 1048 357 111 37 73 1
2 437 1049 355 110 38 74 1
2 437 1050 354 110 37 74 1
2 437 1051 352 110 37 74 1
2 437 1052 351 110 37 73 1
2 437 1053 349 110 37 73 1
2 437 1054 347 109 38 74 1
2 437 1055 346 109 37 74 1
2 437 1056 344 109 38 74 1
2 437 1057 343 109 37 73 1
2 437 1058 341 109 38 73 1
2 437 1059 340 109 37 73 1
2 437 1060 338 108 38 74 1
2 437 1061 336 108 38 74 1
2 437 1062 335 108 38 73 1
2 437 1063 333 108 38 73 1
2 437 1064 332 108 37 73 1
2 437 1065 330 107 38 74 1
2 437 1066 329 107 37 73 1
2 437 1067 327 107 38 73 1
2 437 1068 325 107 38 73 1
2 437 1069 324 107 38 73 1
2 437 1070 322 106 38 74 1
2 437 1071 321 106 38 73 1
2 437 1072 319 106 38 73 1
2 437 1073 318 106 38 73 1
2 437 1074 316 106 38 73 1
2 437 1075 315 106 38 73 1
2 437 1076 313 105 38 73 1
2 437 1077 311 105 38 73 1
2 437 1078 310 105 38 73 1
2 437 1079 308 105 38 72 1
2 437 1080 307 105 38 72 1
2 437 1081 305 104 38 73 1
2 437 1082 304 104 38 72 1
2 437 1083 302 104 38 72 1
2 437 1084 301 104 38 72 1
2 437 1085 299 104 38 71 1
2 437 1086 298 104 38 71 1
2 437 1087 296 103 38 72 1
2 437 1088 294 103 39 72 1
2 437 1089 293 103 38 71 1
2 437 1090 291 103 39 71 1
2 437 1091 290 103 38 71 1
2 437 1092 288 102 39 71 1
2 437 1093 287 102 38 71 1
2 437 1094 285 102 39 71 1
2 437 1095 284 102 38 70 1
2 437 1096 282 102 39 70 1
2 437 1097 281 102 38 70 1
2 437 1098 279 101 39 71 1
2 437 1099 277 101 39 70 1
2 437 1100 276 101 39 70 1
2 437 1101 274 101 39 70 1
2 437 1102 273 101 39 69 1
2 437 1103 271 100 39 70 1
2 437 1104 270 100 39 70 1
2 437 1105 268 100 39 69 1
2 437 1106 267 100 39 69 1
2 437 1107 265 100 39 69 1
2 437 1108 264 100 39 69 1
2 437 1109 262 99 39 68 1
2 437 1110 260 99 39 67 1
2 437 1111 259 99 38 66 1
2 437 1112 257 99 39 65 1
2 437 1113 255 99 39 64 1
2 437 1114 254 99 38 63 1
2 437 1115 252 99 39 62 1
2 437 1116 250 98 39 62 1
2 437 1117 249 98 38 61 1
2 437 1118 247 98 38 60 1
2 437 1119 245 98 39 59 1
2 437 1120 244 98 38 58 1
2 437 1121 242 98 38 57 1
2 437 1122 240 98 39 56 1
2 437 1123 239 97 38 56 1
